40
10 1 4 1 2
4 6 1
6 9 2
12 1 2 4 1
6 12 1
20 1 3 20 5
0 4 5
4 8 4
8 12 3
12 16 2
16 20 1
12 1 2 2 1
6 12 1
12 1 2 3 1
6 12 1
12 1 2 5 1
6 12 1
12 1 2 6 1
6 12 1
100 3 7 5 1
0 100 10
100 1 10 1 20
0 5 40
5 10 50
10 15 40
15 20 50
20 25 40
25 30 50
30 35 40
35 40 50
40 45 40
45 50 50
50 55 40
55 60 50
60 65 40
65 70 50
70 75 40
75 80 50
80 85 40
85 90 50
90 95 40
95 100 45
1 2 3 1 1
0 1 5
100 1 5 1 1
34 100 1
100 14 18 1 20
1 2 33
4 6 45
6 7 48
10 13 4
18 29 31
31 33 15
33 36 55
37 39 12
39 41 19
45 47 14
55 57 47
67 69 36
69 70 28
70 71 54
71 77 27
77 79 46
82 83 27
85 87 1
87 96 16
98 99 3
100 9 36 3 20
2 3 43
3 6 34
11 13 17
15 17 13
17 21 5
23 26 4
31 33 24
33 35 13
42 43 18
43 45 37
45 48 3
59 61 10
61 63 25
72 73 30
73 76 26
76 77 2
77 78 33
87 91 23
92 93 16
95 96 40
100 9 11 7 20
1 3 8
11 17 3
17 19 2
22 23 4
36 37 12
39 44 12
44 45 11
45 46 5
46 47 10
49 53 13
53 55 2
55 58 3
58 64 11
64 68 3
68 70 4
70 72 5
72 73 3
79 82 10
86 89 3
89 91 11
100 1 2 100 20
0 4 2
4 9 1
15 17 2
19 21 1
29 30 2
30 34 3
35 38 1
38 42 3
47 48 1
49 53 1
59 61 2
63 64 3
68 70 2
78 79 2
79 81 1
81 85 2
85 88 2
88 92 3
92 96 1
96 100 3
53 1 2 23 4
1 9 1
27 37 2
37 38 1
38 53 1
65 39 100 1 6
6 15 40
21 24 82
24 27 56
27 33 20
38 55 3
55 65 37
100 27 32 2 20
2 8 52
15 16 81
16 17 15
20 24 52
26 28 32
34 41 73
45 46 81
51 53 14
55 62 44
69 70 28
70 72 9
74 75 62
75 76 79
76 81 53
81 85 76
92 94 37
94 96 34
96 97 31
97 98 65
98 100 85
100 1 18 6 20
3 5 10
11 14 18
14 15 14
15 16 7
16 17 5
18 21 20
22 24 5
24 34 8
37 40 2
40 44 2
44 45 1
45 47 4
52 53 11
56 58 10
72 74 11
74 76 12
76 79 4
80 83 19
93 94 9
94 95 9
100 3 28 19 20
2 3 40
3 4 10
21 22 38
24 27 36
27 29 22
30 31 34
41 42 24
42 46 45
51 54 18
54 57 13
57 58 3
62 63 29
64 65 44
71 81 37
81 82 21
86 88 16
89 90 5
91 92 17
97 99 3
99 100 28
100 7 11 100 20
3 9 8
9 18 5
20 22 14
26 31 3
32 34 12
34 35 11
36 38 15
38 39 13
43 46 13
46 49 13
49 50 9
50 51 14
53 56 4
63 69 9
69 70 7
70 72 9
83 84 11
84 87 7
87 93 6
98 99 2
86 1 2 34 2
29 57 1
57 86 1
98 58 100 1 9
15 16 3
16 26 65
26 28 90
28 30 68
67 75 73
75 78 82
83 87 51
87 89 89
93 98 56
100 22 31 2 20
8 11 45
11 12 45
12 14 17
18 19 33
27 28 32
28 29 13
29 34 5
34 36 36
36 39 3
43 45 21
47 51 20
64 67 40
67 69 1
72 75 2
76 77 28
83 84 34
84 85 9
85 86 42
89 95 43
95 100 40
100 10 18 5 20
2 3 15
10 12 12
20 21 4
21 24 5
24 26 14
42 43 6
43 49 19
52 54 15
54 55 18
55 56 19
61 62 13
62 63 11
63 68 6
73 74 10
74 78 8
78 81 4
83 84 11
84 89 15
89 90 5
97 98 8
100 2 3 34 20
2 5 5
5 6 2
6 8 5
15 20 7
21 31 1
46 47 2
47 48 4
52 54 7
59 60 4
60 62 2
67 70 1
74 75 1
75 76 5
83 86 1
86 87 1
89 91 4
91 93 4
93 94 2
95 96 5
96 97 6
100 1 6 100 20
15 17 1
17 18 7
18 19 6
19 20 7
22 23 3
23 24 10
32 33 9
33 37 6
42 43 3
43 48 1
48 49 3
49 54 1
61 64 8
64 67 7
67 78 1
78 81 9
81 86 6
92 93 2
93 95 4
95 100 5
74 1 2 30 20
0 4 2
4 7 2
7 16 1
16 17 1
17 19 2
19 27 2
29 31 1
31 32 1
34 41 1
41 42 1
42 44 1
44 49 1
49 54 2
54 56 1
56 61 1
61 63 2
63 67 1
67 72 1
72 73 1
73 74 1
89 6 100 1 13
6 8 65
8 17 71
17 20 10
20 33 61
33 41 73
41 47 28
47 58 17
58 61 100
61 63 13
63 70 39
72 74 71
74 76 55
76 77 78
94 3 27 3 1
10 94 21
67 1 2 23 5
16 17 2
17 18 4
18 33 4
46 57 4
57 65 1
66 1 3 20 5
15 21 3
21 40 2
40 42 2
42 48 3
57 62 1
64 1 2 21 13
3 4 1
4 7 3
10 16 3
16 17 3
18 19 1
20 27 1
29 34 3
36 44 3
50 55 1
56 57 2
57 58 2
58 60 3
60 61 3
90 6 26 4 7
23 42 14
42 54 30
54 57 13
57 67 11
68 75 5
75 88 6
88 90 9
97 2 19 6 7
25 33 26
49 50 34
50 52 26
52 54 2
54 67 22
70 71 22
71 97 4
58 5 6 7 19
1 4 1
4 9 6
9 10 3
10 11 4
14 17 6
17 18 7
21 23 1
23 24 3
25 26 4
26 27 3
29 30 2
30 32 3
32 33 5
33 34 4
36 37 1
37 38 3
40 41 3
48 49 3
51 52 1
63 15 30 1 20
3 6 34
7 9 33
9 13 45
13 14 15
14 15 44
17 18 45
18 20 24
20 22 19
22 25 18
25 26 44
38 47 8
47 48 14
48 49 1
49 50 16
50 52 17
52 53 30
53 56 40
57 58 58
58 60 23
60 63 40
68 2 3 20 7
23 30 3
34 36 3
36 39 3
40 58 1
58 59 2
59 60 1
60 61 3
53 42 45 1 15
0 1 65
5 7 30
7 10 28
12 13 56
14 15 53
16 23 6
23 26 36
34 40 63
40 41 32
41 44 33
44 45 32
45 47 14
48 49 38
49 50 50
51 53 23
82 2 5 15 3
29 40 1
49 62 4
62 82 4
