50
2 1
0,1
3 3
0,1 1,2 0,2
5 5
0,4 0,2 2,4 1,2 1,4
7 9
0,6 0,2 0,4 2,4 3,4 2,3 3,5 4,5 1,5
36 64
17,21 25,28 10,13 13,16 21,24 28,32 20,24 2,6 26,29 11,14 12,15 0,2 0,3 26,28 4,6 24,27 23,26 6,7 5,7 29,32 32,34 14,15 32,33 6,8 24,26 8,11 12,16 31,33 25,30 27,30 22,27 20,22 10,12 16,19 31,35 28,31 20,23 19,20 11,12 25,29 30,32 31,34 7,9 19,21 11,13 22,25 24,25 26,30 23,27 1,31 27,29 16,17 1,32 23,25 3,6 13,15 30,31 22,26 16,18 14,16 9,14 27,28 15,18 0,4
21 40
6,7 11,14 15,19 14,16 7,12 6,9 8,12 5,8 8,11 15,18 16,19 0,4 0,3 12,13 9,10 10,14 2,6 16,18 12,14 17,20 14,17 0,2 5,9 13,16 10,13 9,11 17,19 16,20 17,18 1,16 3,6 7,11 1,15 9,12 13,15 1,17 15,20 4,6 2,5 3,5
20 101
6,14 7,11 4,14 0,12 0,15 1,17 8,19 5,16 0,2 1,7 12,15 9,13 4,11 9,14 1,8 6,19 0,13 6,12 9,12 2,15 2,11 0,11 5,12 14,18 13,15 3,4 1,12 0,8 11,15 0,6 6,7 2,3 11,19 6,10 2,4 0,7 1,13 0,17 13,17 13,14 3,11 3,18 9,10 15,19 6,9 7,17 12,16 17,19 10,12 9,18 1,16 6,13 4,17 5,6 11,16 6,18 7,9 4,9 1,2 4,19 5,11 13,16 9,15 1,6 1,9 8,10 11,17 0,16 14,19 7,15 0,1 5,13 5,10 2,17 8,15 2,9 2,13 5,14 13,18 0,9 2,6 13,19 2,12 10,16 3,16 5,17 3,19 7,19 10,15 14,17 9,19 6,16 1,18 2,16 11,18 8,9 4,12 4,16 4,6 4,5 6,8
29 180
18,23 16,26 13,28 1,21 4,14 0,8 8,16 10,26 11,26 7,16 9,14 10,28 0,6 4,12 4,10 17,27 11,19 18,22 15,25 15,22 16,22 6,11 9,11 1,24 14,23 8,14 11,21 15,24 15,28 0,4 12,21 15,27 17,22 1,19 3,16 17,21 9,13 13,19 10,22 10,27 11,23 3,12 18,28 10,21 5,10 18,21 0,2 13,21 6,12 4,18 10,24 7,11 11,28 2,11 5,18 10,20 11,22 14,19 5,12 8,17 13,25 17,26 3,15 8,13 1,25 15,20 16,24 9,18 4,13 6,10 11,27 15,26 0,9 4,17 14,28 13,26 2,13 3,14 18,24 3,10 6,15 2,12 1,26 7,17 17,28 12,26 9,15 14,26 5,14 14,21 15,19 11,25 1,28 17,20 13,27 10,23 13,23 3,17 16,28 16,20 14,22 18,20 0,3 14,27 1,27 12,24 13,20 17,25 4,15 11,24 0,7 12,22 1,22 2,17 18,25 9,12 12,19 8,11 18,27 8,15 12,20 10,25 8,18 14,25 4,16 16,21 12,28 14,24 10,19 5,13 1,20 6,13 7,18 2,10 3,13 13,24 16,23 2,18 7,13 6,18 15,21 1,23 16,19 2,15 14,20 17,24 5,16 6,16 18,19 8,12 9,16 9,17 13,22 16,27 5,11 6,17 3,18 7,12 9,10 5,15 7,14 3,11 6,14 7,10 7,15 12,27 12,25 0,5 17,23 15,23 2,14 4,11 5,17 16,25 18,26 11,20 8,10 2,16 17,19 12,23
18 33
0,3 14,16 2,5 14,17 13,16 1,12 7,10 1,14 12,16 5,7 13,17 13,15 6,7 4,5 0,2 6,9 5,8 2,6 3,6 12,17 6,8 4,6 0,4 5,9 9,11 14,15 11,14 9,10 3,5 7,11 12,15 10,14 1,13
7 6
0,3 0,2 1,4 2,5 1,2 1,6
7 11
0,1 5,6 4,5 3,5 2,5 4,6 2,6 2,4 3,4 3,6 2,3
28 162
6,16 6,13 11,21 9,10 5,10 0,7 7,10 9,11 8,12 15,22 1,27 10,25 13,23 8,15 11,23 9,12 15,24 14,23 4,15 7,13 14,27 17,24 12,19 7,17 13,20 6,12 4,12 11,27 5,17 7,11 2,13 15,18 3,13 10,27 13,18 6,14 12,20 14,21 10,26 10,18 9,14 3,17 0,9 1,18 8,17 12,22 1,23 13,26 15,19 5,13 8,14 3,14 8,13 10,19 7,16 5,15 0,8 14,20 7,15 6,15 3,15 0,6 6,10 16,21 2,16 0,3 7,12 10,21 17,26 14,22 13,19 17,18 12,23 10,24 4,13 10,20 16,18 1,25 11,22 14,18 17,25 10,23 2,17 3,16 17,20 7,14 2,15 5,14 16,25 16,23 6,11 17,27 9,15 4,16 6,17 0,5 2,14 14,24 9,17 15,20 0,2 11,24 8,11 15,21 4,14 9,13 1,19 16,27 5,11 12,27 12,26 2,10 15,27 12,21 12,18 15,25 8,16 11,18 14,19 14,25 1,20 10,22 15,26 3,10 13,21 17,23 16,19 11,26 0,4 13,22 17,21 11,19 16,26 12,25 15,23 9,16 16,20 2,11 8,10 1,26 3,11 4,10 17,22 13,25 4,11 16,24 4,17 13,24 14,26 5,12 17,19 1,24 3,12 1,22 5,16 11,20 13,27 11,25 12,24 2,12 1,21 16,22
29 180
12,26 9,18 16,26 4,15 3,12 1,19 10,19 17,28 7,12 7,18 1,21 12,20 0,2 1,26 5,18 4,16 4,11 6,10 5,11 11,21 11,22 0,3 13,19 18,21 12,24 18,27 16,28 15,25 7,13 12,28 14,27 5,10 15,26 11,20 9,13 6,18 0,4 18,24 4,12 14,24 0,8 7,15 13,25 4,14 10,26 1,20 1,28 10,20 13,28 3,14 15,28 16,21 2,13 4,17 10,22 2,16 14,19 12,22 8,17 10,28 14,28 13,24 8,13 5,13 4,10 9,11 10,24 8,18 17,23 16,19 18,20 10,21 9,16 3,15 13,21 5,14 17,24 15,20 15,19 15,21 0,9 5,16 11,24 3,17 8,12 11,26 17,26 1,24 2,15 15,23 16,23 10,23 16,22 7,14 9,17 6,13 14,23 5,17 13,23 11,19 4,18 13,26 12,19 9,14 18,23 6,16 4,13 2,12 15,27 11,25 13,22 0,7 8,11 6,12 13,20 18,22 3,16 2,18 18,25 18,19 17,22 12,21 2,11 8,15 7,10 5,15 12,27 7,11 0,6 6,14 2,10 18,28 3,18 9,15 17,27 17,19 2,17 6,17 10,27 1,23 12,25 11,27 9,12 3,10 13,27 14,20 15,24 7,17 16,27 1,25 7,16 15,22 11,23 14,22 17,20 6,11 5,12 11,28 3,13 1,27 17,25 10,25 14,26 9,10 16,24 8,16 17,21 16,20 14,25 8,10 8,14 16,25 18,26 6,15 2,14 3,11 1,22 0,5 12,23 14,21
30 190
2,15 11,20 4,13 2,19 9,18 13,28 14,29 12,22 18,22 13,29 2,17 1,25 12,29 15,29 7,16 11,24 15,24 8,18 5,18 19,29 10,15 18,25 18,23 5,16 19,24 14,22 7,13 12,21 14,20 3,13 4,16 5,13 3,12 16,28 4,19 4,11 15,28 19,27 13,25 6,15 7,11 13,26 7,14 15,22 18,26 11,26 14,26 2,14 16,21 1,21 19,25 15,21 4,14 3,11 0,6 16,25 14,21 14,24 15,23 8,14 13,20 12,20 0,10 10,18 4,18 11,21 17,26 16,20 3,19 11,29 10,14 0,8 2,13 19,21 3,18 12,27 17,22 3,14 13,27 15,27 4,17 16,23 6,12 17,25 3,17 11,23 17,21 1,29 14,27 19,26 9,13 1,20 16,29 9,19 2,12 8,11 17,29 5,17 8,17 0,2 13,23 5,12 9,17 6,13 3,16 9,11 1,28 13,24 19,28 16,27 11,25 2,18 12,24 17,24 5,11 8,16 8,15 10,12 9,15 16,24 9,16 19,22 15,25 18,28 19,23 7,18 11,28 12,25 18,27 12,28 5,19 1,22 14,23 7,12 1,27 0,3 18,24 19,20 0,4 10,11 10,19 10,17 11,22 5,15 6,18 16,26 7,15 3,15 18,21 0,9 1,24 6,16 4,12 0,5 8,13 9,12 0,7 18,20 9,14 2,11 16,22 17,20 14,25 13,22 6,11 7,17 4,15 13,21 12,26 17,28 18,29 2,16 10,16 1,23 7,19 11,27 12,23 17,27 6,14 6,19 5,14 15,26 10,13 8,19 6,17 14,28 1,26 17,23 8,12 15,20
26 144
5,9 2,10 13,25 13,21 13,24 4,12 3,9 0,8 9,24 10,23 14,21 4,14 10,20 2,9 10,17 11,24 14,24 12,21 0,6 6,9 14,20 1,17 5,13 14,19 13,19 6,13 11,17 1,25 1,20 6,12 4,13 8,15 16,23 0,4 0,7 7,15 11,22 11,23 15,20 7,16 15,22 3,15 4,9 0,5 4,15 11,21 15,21 16,25 8,12 1,21 9,23 10,22 9,17 5,16 6,14 10,21 14,23 10,25 11,25 16,17 11,19 4,11 4,16 3,13 13,20 15,23 6,15 6,10 0,2 12,24 2,15 1,19 2,16 3,12 6,16 13,17 8,10 16,21 16,18 12,25 1,23 7,10 12,22 12,17 8,9 15,17 15,18 13,23 14,18 13,18 3,10 9,22 8,16 5,12 0,3 15,19 11,18 11,20 14,25 2,14 2,13 7,9 12,23 9,18 5,11 5,14 7,12 9,19 3,14 4,10 10,19 13,22 9,20 7,14 5,15 9,21 7,11 16,19 2,12 8,11 14,22 8,13 1,24 14,17 1,22 10,18 12,18 16,22 16,20 8,14 6,11 3,11 2,11 7,13 15,25 12,20 9,25 1,18 16,24 15,24 12,19 10,24 5,10 3,16
19 19
0,10 0,18 2,3 1,9 13,14 5,6 1,11 2,10 12,13 17,18 3,4 11,12 4,5 16,17 14,15 7,8 15,16 6,7 8,9
25 128
4,10 14,23 8,9 14,22 6,9 13,17 4,12 1,16 4,13 0,2 4,15 9,18 4,9 11,16 9,19 13,19 8,14 1,19 15,21 13,16 12,19 14,20 15,23 5,10 10,23 6,12 12,16 1,23 14,19 8,15 13,20 2,14 1,22 2,9 7,14 3,10 9,23 5,9 14,16 2,12 10,18 10,17 10,22 14,18 5,11 0,6 15,22 10,21 15,18 13,21 10,16 7,12 1,24 12,20 9,20 5,15 8,11 13,18 9,24 3,15 7,13 14,17 7,9 2,10 9,16 4,14 0,5 15,24 12,23 7,15 0,3 11,22 15,19 9,22 6,13 1,20 4,11 6,10 1,21 12,17 8,12 11,18 1,18 7,10 11,17 5,13 14,24 0,7 6,15 0,4 8,13 3,13 3,9 9,21 3,14 15,17 6,14 11,20 1,17 12,24 7,11 11,24 6,11 14,21 2,11 8,10 5,14 10,24 9,17 0,8 11,23 12,22 2,15 15,16 10,20 12,18 11,19 3,11 15,20 10,19 3,12 12,21 2,13 13,22 11,21 13,24 5,12 13,23
25 128
8,13 2,12 1,19 4,14 10,19 5,10 15,24 13,19 15,17 1,20 11,23 4,11 8,9 10,23 13,22 14,20 10,24 9,18 7,14 1,17 12,24 12,19 15,23 12,20 13,21 0,4 15,18 0,3 6,12 11,18 14,19 4,10 14,23 13,24 2,9 6,9 10,20 9,20 13,23 15,22 15,16 13,18 3,13 0,6 0,7 12,22 11,21 11,22 14,22 9,22 9,16 12,23 7,9 4,12 7,13 1,21 3,14 6,11 7,15 13,16 15,19 6,13 5,15 14,17 8,15 5,11 1,23 3,15 1,16 1,18 14,24 5,9 9,24 14,18 4,15 7,10 0,2 4,13 9,17 5,12 8,14 2,10 14,16 11,20 8,11 9,21 10,21 15,20 4,9 2,14 6,14 3,10 6,15 5,14 1,22 12,18 10,18 11,16 1,24 13,20 6,10 9,23 12,17 12,16 10,16 3,11 3,9 14,21 11,24 7,11 9,19 12,21 10,17 11,17 8,12 11,19 7,12 2,11 10,22 3,12 0,8 0,5 2,15 8,10 5,13 15,21 13,17 2,13
5 5
1,2 0,3 3,4 0,2 1,4
19 58
5,18 2,3 8,18 10,17 8,12 0,6 5,15 5,16 8,14 9,17 9,18 3,4 5,13 8,17 5,17 10,12 6,14 9,13 7,18 6,13 6,12 1,4 8,13 10,16 10,13 6,18 5,12 5,11 1,7 8,16 10,15 7,15 9,16 7,11 7,14 1,5 9,11 10,18 8,11 7,16 6,16 6,15 9,14 5,14 9,12 10,11 6,11 1,9 0,10 7,13 6,17 9,15 0,2 0,8 10,14 7,17 8,15 7,12
31 235
24,30 3,23 2,13 20,30 5,11 7,11 18,19 13,23 19,20 8,14 15,29 8,29 18,26 4,9 3,19 10,11 2,10 3,12 6,12 10,25 7,26 26,27 22,23 10,12 5,23 5,30 13,29 19,21 9,29 3,9 20,29 6,28 17,26 10,30 8,12 12,30 12,14 2,8 7,8 19,30 24,28 12,25 12,29 22,25 3,17 3,24 3,21 8,27 9,10 14,19 16,24 7,24 4,20 4,18 2,17 2,3 8,13 9,21 27,28 7,10 14,29 24,25 14,23 26,29 9,27 6,13 17,29 20,27 17,27 6,27 6,24 10,28 17,22 7,14 18,20 19,27 6,19 21,28 4,29 5,27 21,27 5,28 11,18 11,16 17,23 16,21 6,22 12,20 8,19 23,25 15,26 4,12 17,20 13,20 5,22 24,29 9,22 28,29 8,18 6,15 5,18 8,10 20,28 18,21 18,22 14,20 2,14 3,10 2,9 11,23 21,22 8,15 18,29 5,17 5,25 2,4 14,16 12,17 4,15 3,27 7,21 9,30 17,24 14,17 13,16 7,16 19,24 10,15 8,24 21,24 22,24 13,19 2,27 2,22 5,21 2,15 18,23 20,22 5,15 6,8 3,13 15,17 17,25 4,14 7,15 16,22 3,18 23,29 8,21 19,23 10,21 18,30 10,14 6,16 16,19 16,18 4,13 16,28 5,29 26,30 11,24 5,20 13,24 2,18 10,27 14,21 11,29 17,28 7,28 3,7 19,25 7,22 19,26 12,27 10,18 0,1 22,26 11,22 2,19 13,17 10,13 9,19 15,16 6,17 15,22 12,16 2,26 21,26 3,5 11,17 6,7 26,28 12,22 12,18 12,23 9,16 6,18 4,24 6,10 3,22 11,13 20,23 3,11 7,13 2,21 23,24 5,8 16,17 13,21 4,7 16,23 25,28 20,26 5,10 11,14 12,15 10,17 5,14 4,16 15,19 3,15 4,28 5,7 15,24 8,11 4,26 14,24 7,23 16,30 10,19 25,30 11,27 18,27 10,23 18,24
19 58
0,8 6,15 0,2 9,11 7,12 5,14 7,13 9,16 1,9 9,12 8,15 8,13 5,13 5,16 7,18 9,15 8,16 5,18 10,14 8,11 8,12 7,17 6,17 1,7 2,3 8,14 10,11 9,13 7,14 3,4 10,15 0,10 8,17 6,12 10,13 7,16 1,4 5,11 9,17 10,17 6,14 9,18 0,6 5,12 7,11 1,5 10,16 6,16 5,17 6,11 9,14 6,18 5,15 10,12 7,15 8,18 6,13 10,18
25 128
4,14 3,11 12,24 3,12 13,19 14,16 7,15 10,23 14,23 4,15 15,16 4,11 15,24 5,9 1,23 4,10 5,10 15,20 10,21 12,18 14,21 14,24 12,20 8,9 11,23 7,10 0,4 12,21 3,13 8,13 6,13 1,19 7,14 15,18 1,22 6,12 1,16 13,16 1,20 13,24 9,18 5,12 9,16 8,15 0,2 15,22 14,19 15,19 9,19 4,9 3,9 11,16 9,17 2,11 0,8 8,14 15,17 14,22 1,21 10,18 6,11 12,23 5,14 14,17 5,11 10,19 12,22 5,15 13,20 1,18 2,15 6,15 6,10 3,14 1,17 7,13 8,12 0,6 11,22 6,9 3,10 12,19 9,20 2,12 4,12 12,16 2,10 11,18 12,17 6,14 14,18 10,22 0,7 0,5 2,13 10,16 15,23 13,18 13,17 5,13 4,13 11,20 0,3 2,9 14,20 11,19 10,24 13,21 7,9 1,24 8,10 11,24 13,22 8,11 15,21 9,24 9,23 7,11 10,20 9,21 7,12 2,14 10,17 3,15 9,22 11,21 11,17 13,23
28 214
15,20 4,16 9,14 17,18 17,25 24,26 20,26 7,8 26,27 4,20 20,22 3,14 8,9 9,25 0,2 7,23 18,21 13,22 1,11 6,7 18,23 15,22 12,13 2,4 5,24 12,25 8,15 11,24 1,21 3,24 6,22 8,16 22,27 5,11 12,17 3,5 8,18 0,13 1,25 3,16 13,25 2,11 7,27 11,17 5,6 0,11 4,11 0,25 22,23 5,15 9,17 6,25 19,23 6,20 1,20 0,27 21,22 8,17 7,20 0,19 13,19 5,20 13,27 10,12 5,9 13,21 5,23 23,24 12,26 14,15 16,24 9,27 1,22 0,26 3,4 8,24 7,22 5,14 6,8 6,17 18,27 15,23 25,27 0,22 15,18 1,7 13,18 11,18 6,27 5,16 4,6 2,19 10,16 9,21 14,22 10,11 6,12 3,7 0,3 21,24 1,27 18,20 9,10 10,18 18,22 19,27 8,25 2,8 9,26 3,11 10,17 6,24 12,15 0,1 16,17 11,12 1,14 10,20 0,23 5,26 4,26 14,27 2,27 3,13 1,26 10,26 16,18 20,21 7,21 4,12 11,27 22,25 8,10 15,16 22,26 11,14 7,13 25,26 14,24 11,19 9,24 14,21 5,19 5,22 19,26 5,21 13,14 23,26 11,26 5,27 3,18 5,17 19,21 2,14 10,27 0,12 2,26 6,23 13,15 2,20 20,24 2,12 7,19 2,3 11,13 12,21 21,27 10,25 0,14 2,17 4,9 11,23 24,27 14,20 10,19 8,13 0,4 3,25 0,9 9,18 1,24 18,19 4,17 9,13 3,19 14,18 19,24 4,21 4,25 0,6 12,14 1,12 2,24 8,12 1,9 2,23 8,27 6,26 5,10 0,20 21,23 9,15 2,22 12,24 0,17 13,17 2,7 4,24 0,10 4,5 3,10 19,20 2,5 14,26
35 62
5,9 12,15 24,26 24,27 19,21 21,23 23,25 23,24 18,20 16,19 30,33 2,5 11,14 9,10 6,9 27,29 11,15 5,8 11,13 17,19 9,12 4,5 9,11 2,6 25,26 29,33 22,25 26,29 10,14 22,24 19,20 33,34 14,16 1,32 28,33 0,2 13,17 7,9 12,13 4,7 20,22 3,5 2,7 16,18 15,16 26,30 1,33 32,34 0,3 15,17 25,27 29,32 7,8 10,13 27,30 26,28 28,31 0,4 13,16 12,14 29,31 3,7
34 257
2,17 12,27 9,13 5,8 6,24 9,17 6,11 6,16 0,6 10,11 11,31 8,31 5,10 3,33 2,10 20,25 21,26 16,29 7,13 17,18 3,10 5,25 7,8 1,27 8,13 14,27 30,33 11,21 22,23 4,16 18,22 5,21 11,13 4,26 7,26 2,18 3,31 1,25 1,4 10,17 11,24 8,19 17,29 19,25 16,17 9,26 5,28 14,15 8,33 10,27 21,32 6,7 2,4 5,19 9,29 3,12 26,31 13,28 19,28 12,20 18,20 15,28 16,18 13,31 3,30 16,19 19,26 3,17 0,11 2,7 1,11 22,32 1,21 1,2 14,22 4,27 14,32 23,32 9,24 5,7 6,27 19,21 2,26 5,22 7,30 29,33 0,30 16,20 12,18 3,4 20,32 9,11 20,24 8,24 8,15 14,26 18,19 30,31 22,31 5,11 20,27 10,31 0,2 4,8 26,30 16,30 15,16 12,33 25,29 6,22 6,9 13,26 0,12 19,23 21,22 7,11 18,26 4,13 19,20 22,25 3,21 12,23 13,16 1,18 8,9 8,27 29,31 0,31 4,29 9,10 1,5 9,21 6,14 19,27 3,18 11,12 21,24 20,30 10,29 13,33 11,29 4,10 8,10 0,17 15,30 3,13 16,28 12,13 20,23 4,21 9,15 24,28 21,30 13,25 18,30 1,31 3,15 1,30 3,16 17,19 17,26 28,30 4,6 19,31 6,23 18,25 19,29 9,20 1,10 18,29 5,17 10,21 21,31 9,14 3,29 1,32 0,32 9,23 11,26 15,20 24,32 3,23 2,11 9,12 1,29 0,28 12,29 9,32 12,16 20,21 2,23 4,12 1,16 10,28 2,19 3,20 11,25 2,6 4,15 23,29 10,20 6,29 22,29 4,33 8,12 2,29 7,23 5,29 2,12 21,23 17,20 7,17 1,15 5,30 11,16 0,9 21,33 0,7 14,30 13,14 12,32 17,33 5,24 6,15 17,24 18,21 7,21 10,30 15,27 18,33 1,13 8,20 10,14 4,5 0,26 15,32 20,26 8,17 28,29 6,21 17,32 5,14 30,32 2,31 5,31 5,6 21,27 7,29 1,8 8,22 0,25 2,3 14,24 24,27 4,17 22,33 24,31
34 242
19,27 20,32 13,33 9,18 16,26 8,14 15,33 18,33 12,22 13,25 1,27 9,15 16,32 0,11 18,32 11,20 1,31 16,27 4,18 1,32 17,32 2,19 13,29 19,29 14,30 13,27 10,17 20,27 9,21 11,19 3,18 13,30 6,19 13,32 16,24 15,27 14,31 6,21 12,31 14,28 13,31 6,12 13,28 1,28 0,8 2,17 19,25 8,12 21,23 17,30 2,18 13,23 15,29 17,26 16,29 5,19 11,18 0,2 0,9 17,22 7,19 19,24 2,12 12,30 0,6 20,29 20,24 4,12 10,13 17,31 15,30 2,13 15,24 21,30 6,17 4,21 6,13 5,15 8,19 17,24 4,13 14,32 14,24 9,20 20,22 20,26 9,16 21,32 2,20 16,25 21,22 16,28 21,24 11,17 2,14 5,17 14,33 10,19 8,20 17,23 14,27 3,12 11,14 2,15 15,25 12,32 4,17 8,15 5,20 7,20 3,13 15,28 19,28 1,25 11,21 12,26 16,31 6,14 18,29 14,29 12,33 21,29 9,19 11,15 10,18 13,24 10,12 18,26 9,12 6,16 16,22 13,22 3,17 14,25 2,21 10,15 3,19 14,22 6,15 8,16 1,26 12,28 4,15 19,32 1,29 17,27 20,28 9,13 3,20 20,31 19,22 0,5 3,16 12,24 0,3 3,21 1,33 9,17 10,21 17,25 12,23 8,18 12,29 5,16 2,16 19,33 7,14 20,25 18,30 12,25 11,13 20,33 1,23 18,31 11,16 18,27 21,31 0,4 7,17 16,33 9,14 18,22 21,27 19,31 0,7 10,16 5,18 14,23 16,23 4,20 3,15 0,10 18,25 1,22 12,27 7,16 8,21 4,16 4,19 15,26 21,26 17,33 10,20 1,30 15,31 5,21 10,14 19,30 7,13 8,17 21,28 17,29 21,25 15,22 4,14 7,12 6,20 5,14 11,12 21,33 7,21 20,23 5,13 15,32 3,14 19,23 13,26 14,26 15,23 20,30 19,26 7,18 16,30 17,28 6,18 18,23 5,12 18,28 8,13 18,24 1,24 7,15
27 44
6,10 15,18 21,23 19,21 5,7 8,12 14,18 14,17 2,4 11,14 7,10 17,20 1,23 10,11 19,20 11,16 12,16 9,13 23,25 22,26 8,11 6,9 8,13 3,4 7,9 5,6 13,14 22,25 0,3 4,7 14,19 0,2 15,17 18,20 21,22 12,14 16,18 11,15 10,13 13,16 17,21 3,5 18,21 16,19
36 276
21,30 18,33 4,20 22,26 9,22 14,24 5,18 17,30 16,29 4,15 5,17 15,25 4,13 4,19 1,29 4,22 11,19 8,16 17,31 21,26 17,35 21,27 15,34 10,14 17,29 6,18 12,19 9,14 10,20 8,20 15,30 0,3 15,26 9,15 22,29 20,29 5,21 12,15 1,31 12,21 3,21 7,23 13,32 3,20 21,24 3,18 23,25 5,23 15,27 16,34 2,20 11,20 20,28 16,33 11,14 0,6 12,22 9,16 19,35 10,17 13,25 12,13 8,13 19,34 17,32 17,27 18,27 15,28 23,27 16,27 6,13 0,12 11,22 7,18 23,34 3,17 22,35 17,25 19,30 1,32 18,32 1,35 20,32 19,32 16,25 20,25 17,26 6,15 0,7 8,17 8,23 16,32 20,26 18,30 0,9 20,27 13,31 11,17 0,8 3,15 7,14 18,28 4,21 22,27 7,19 6,16 22,32 19,25 16,30 19,31 9,17 22,30 14,27 23,28 6,23 13,24 19,29 11,18 23,31 6,14 20,35 4,16 18,24 14,30 23,35 2,17 7,22 18,35 6,17 6,22 20,34 21,29 0,5 15,31 21,35 13,30 1,27 3,22 13,29 7,16 8,19 22,34 11,15 23,33 13,26 17,28 19,24 1,28 6,19 1,33 23,29 4,23 10,23 11,16 14,32 10,16 13,35 18,31 17,24 2,15 7,21 22,28 16,24 5,14 7,15 2,23 10,18 3,23 13,33 1,26 7,20 2,21 10,21 20,30 17,33 0,4 9,13 10,22 13,34 23,30 10,19 13,28 7,17 1,24 6,21 23,26 14,28 14,26 16,28 3,16 16,26 21,33 2,14 14,34 12,17 5,15 8,18 22,25 15,24 14,25 2,18 3,14 0,10 19,26 23,24 22,24 21,32 20,33 0,2 8,14 8,15 10,15 9,18 18,26 2,19 12,14 10,13 5,13 14,29 9,20 2,22 3,19 4,18 15,33 20,31 9,23 2,16 5,22 4,14 21,34 1,30 12,16 5,20 21,28 5,16 20,24 1,34 15,32 21,31 18,34 16,31 15,35 19,28 5,19 12,18 13,27 11,23 11,21 21,25 8,21 15,29 22,31 3,13 6,20 19,27 9,19 14,31 8,22 18,25 22,33 12,20 12,23 16,35 0,11 2,13 17,34 18,29 4,17 14,33 11,13 7,13 19,33 1,25 9,21 14,35 23,32
25 107
19,20 12,17 4,17 11,12 1,2 13,17 2,21 13,18 1,12 4,13 11,18 11,13 7,21 6,18 3,12 5,24 12,23 3,4 16,20 19,21 4,5 8,21 1,20 4,23 7,13 1,17 4,11 9,19 4,16 1,7 10,16 8,10 14,18 0,14 4,7 6,13 0,6 1,3 5,6 7,9 13,22 2,3 4,19 3,19 3,13 6,24 13,14 20,21 1,23 0,18 11,23 3,9 15,16 8,17 13,23 2,7 16,17 8,20 9,22 15,17 13,21 11,20 0,2 20,23 5,10 8,9 6,23 21,24 14,15 10,11 11,22 12,13 5,12 4,22 8,19 3,6 14,20 13,19 2,11 1,8 0,24 17,19 2,10 7,18 0,7 9,10 5,23 14,19 13,24 3,10 15,18 20,22 12,19 11,24 4,8 12,24 14,22 19,24 6,7 10,19 13,15 11,21 7,8 7,11 2,4 3,15 1,21
26 46
5,8 3,6 3,5 17,20 0,2 16,19 7,9 1,22 4,6 20,23 8,11 21,22 20,22 7,11 21,23 16,17 13,16 9,14 23,25 10,14 15,18 8,9 10,13 14,15 16,18 21,24 5,7 8,10 14,16 18,20 12,15 1,24 19,21 11,14 19,20 9,13 1,23 6,8 11,13 0,4 7,10 22,25 12,16 15,19 4,5 2,6
13 13
1,2 5,6 0,1 4,5 11,12 7,8 0,12 6,7 2,3 9,10 3,4 8,9 10,11
28 48
11,13 18,22 13,16 3,5 8,11 14,19 16,17 6,9 13,15 18,20 18,21 8,10 12,15 12,16 0,3 24,26 19,20 13,14 7,9 24,27 4,6 0,2 2,4 15,18 4,7 17,22 15,19 5,6 10,13 23,27 10,12 16,18 17,21 19,22 16,19 20,24 7,8 5,7 23,25 19,21 11,12 6,8 2,5 9,11 14,18 1,24 22,24 12,14
32 220
2,11 19,30 19,29 18,22 1,24 18,29 18,24 9,19 0,9 15,31 13,27 6,11 6,14 15,23 17,25 9,11 19,26 16,27 1,29 16,31 5,18 16,22 0,7 2,15 3,12 5,20 3,16 8,13 13,21 10,12 7,20 5,14 5,13 19,27 10,14 18,31 8,16 7,19 15,21 1,26 14,31 2,19 6,17 12,22 10,19 6,13 5,11 15,27 6,15 15,24 20,24 17,26 19,21 13,26 8,18 14,27 11,28 15,26 7,16 18,21 7,12 11,29 3,13 17,29 11,25 14,23 17,27 18,30 15,25 6,18 16,29 0,3 1,25 6,20 0,5 0,2 12,26 13,31 2,20 2,16 10,18 2,12 11,30 6,19 18,23 15,28 1,22 7,13 11,22 12,24 5,17 15,22 14,21 19,31 20,31 3,15 4,18 4,11 0,4 18,25 4,15 17,31 12,31 18,27 2,13 13,28 17,21 16,28 9,20 3,18 5,12 7,17 11,24 10,17 8,14 9,15 2,18 17,28 10,15 12,27 12,21 10,11 3,20 19,22 5,16 11,26 7,15 8,11 20,26 10,20 13,29 18,26 8,19 9,14 19,25 8,17 2,17 0,10 7,11 14,26 0,6 11,27 8,15 9,12 20,23 3,14 14,24 17,22 20,29 14,28 11,23 1,31 10,13 20,27 4,16 11,21 14,30 3,19 2,14 16,25 9,16 9,18 3,11 1,27 14,22 10,16 5,15 9,17 3,17 20,28 16,26 16,23 12,29 7,14 19,23 1,30 18,28 12,30 13,22 8,12 17,24 6,16 5,19 0,8 11,31 17,30 1,21 19,24 12,25 15,30 4,12 7,18 20,30 8,20 20,22 1,23 4,17 4,13 4,19 13,23 13,25 16,24 4,14 12,23 19,28 15,29 13,24 1,28 16,30 16,21 20,25 6,12 14,29 13,30 9,13 12,28 20,21 17,23 4,20 14,25
34 242
21,31 9,13 9,20 7,12 20,32 12,25 15,30 6,21 14,25 16,23 2,12 13,24 6,17 13,26 19,23 17,31 9,15 19,29 0,10 19,25 2,16 7,14 17,32 19,27 11,13 10,16 7,18 8,20 11,12 16,29 10,17 5,14 16,26 19,31 12,29 4,19 7,20 10,13 20,24 16,30 21,22 1,29 1,30 18,32 15,22 3,13 7,17 8,18 1,24 4,13 8,15 18,31 11,15 19,24 15,25 14,23 15,28 12,31 14,22 17,24 20,26 5,21 9,21 8,19 10,20 6,20 6,14 1,22 12,22 13,25 18,24 19,26 1,23 20,27 4,12 3,20 9,16 8,13 10,19 3,18 0,6 10,21 19,30 21,29 14,24 11,18 20,31 13,33 10,12 1,28 15,33 8,17 17,22 16,22 4,14 0,3 7,21 14,32 21,24 20,28 10,14 14,27 15,27 15,23 5,18 3,16 8,14 5,16 5,15 18,29 9,19 9,18 11,19 14,31 2,18 3,15 6,13 16,31 9,17 2,21 18,25 21,33 16,33 3,14 12,32 0,7 1,27 7,16 21,32 4,20 14,29 5,19 21,25 4,17 13,23 19,32 21,28 15,31 19,28 4,15 17,27 7,19 20,23 19,33 12,33 6,18 2,20 11,14 3,19 5,12 14,30 15,32 17,29 12,23 13,30 0,8 17,23 8,16 10,15 12,27 2,19 1,26 0,11 20,33 20,30 11,21 6,12 5,13 5,17 2,13 8,21 13,27 7,15 13,28 0,9 16,32 0,5 10,18 3,17 21,26 8,12 2,15 12,24 6,19 1,33 14,28 7,13 9,14 18,22 20,29 16,25 1,32 18,30 4,18 11,16 21,30 15,26 5,20 13,31 4,16 20,22 3,12 20,25 1,31 2,17 17,28 21,27 17,25 11,20 18,27 1,25 21,23 14,26 19,22 0,2 13,29 18,23 18,33 9,12 17,30 6,16 3,21 12,30 13,32 11,17 16,24 12,26 17,33 15,24 18,28 18,26 17,26 13,22 14,33 6,15 16,27 2,14 12,28 4,21 0,4 15,29 16,28
27 153
3,11 14,19 13,26 8,16 16,21 17,26 4,11 2,16 7,15 17,18 1,25 8,11 14,21 8,17 17,20 9,16 9,11 2,14 13,24 15,20 9,10 7,12 7,11 4,14 11,24 12,21 11,20 1,18 15,25 8,14 0,9 8,10 15,21 16,18 11,22 10,26 5,16 2,15 5,11 17,23 7,13 17,22 2,17 17,24 12,24 6,14 6,17 7,16 15,26 11,25 5,17 10,21 4,12 2,13 9,14 15,24 15,19 10,24 3,14 7,10 0,8 6,15 13,25 8,15 1,26 2,12 4,15 4,10 15,18 10,23 0,5 13,23 14,25 6,13 5,10 12,26 7,17 17,21 5,13 5,12 10,18 10,19 12,20 17,25 3,13 14,26 1,20 12,18 11,18 16,19 16,22 4,13 9,12 3,15 6,16 16,26 13,22 0,4 12,19 8,12 16,23 1,19 15,23 0,3 5,14 7,14 13,18 1,21 0,2 13,20 6,12 3,10 14,22 17,19 14,20 11,21 3,16 3,17 4,17 11,26 16,25 10,22 10,25 13,19 12,23 12,25 5,15 9,15 6,11 2,10 14,24 10,20 1,22 4,16 3,12 0,7 2,11 0,6 11,19 16,20 1,24 12,22 11,23 6,10 1,23 8,13 13,21 15,22 14,18 16,24 9,13 14,23 9,17
27 142
18,21 0,7 6,15 13,16 3,9 19,21 10,13 7,16 1,11 18,25 1,21 5,15 2,10 14,16 16,23 14,21 1,8 6,19 18,23 3,20 0,21 3,16 3,25 12,26 3,10 5,19 7,22 12,21 19,25 5,18 9,23 4,14 10,12 21,25 15,23 19,24 10,22 25,26 3,17 9,10 4,9 14,19 0,2 6,8 15,17 13,25 6,12 4,7 0,16 23,25 4,23 12,15 16,18 6,24 23,24 1,23 12,25 6,10 4,6 7,14 10,26 15,25 2,6 1,17 2,16 4,8 8,20 3,19 2,18 6,22 19,26 9,18 2,9 0,20 0,18 3,11 14,18 8,25 3,4 3,18 10,25 4,24 6,17 5,24 4,22 7,21 9,14 0,10 4,25 5,6 7,11 4,11 4,18 6,11 1,2 7,15 1,3 4,16 2,5 1,13 8,23 9,24 2,25 4,5 7,9 3,12 15,18 12,20 16,19 14,15 11,14 2,19 16,17 12,16 8,22 3,26 1,25 15,26 0,12 24,26 15,16 11,13 2,21 11,17 4,26 14,17 18,26 1,26 5,7 10,15 13,15 1,6 16,26 2,8 1,15 17,19 2,11 12,18 2,3 18,19 13,26 4,21
31 54
21,23 20,22 21,22 21,24 20,23 23,26 28,29 26,27 6,7 3,5 7,10 17,21 15,17 5,8 16,19 5,7 10,12 9,13 27,30 28,30 24,26 26,28 22,26 19,20 19,21 1,28 27,29 20,24 13,16 0,2 14,17 10,13 8,10 16,17 12,16 11,15 9,11 14,19 0,3 25,28 15,18 11,16 14,18 13,15 22,25 16,18 3,6 12,15 3,4 1,27 17,20 23,25 6,8 25,27
27 49
0,2 1,24 3,5 6,10 16,19 17,18 20,23 13,15 7,10 7,9 18,20 13,14 2,5 3,7 8,12 21,24 19,21 22,24 20,24 23,25 22,23 11,14 1,23 2,6 24,26 5,8 17,19 10,11 6,9 15,17 8,13 21,23 14,17 0,3 9,13 8,11 10,13 19,20 4,6 0,4 24,25 4,7 18,22 16,18 6,8 19,22 18,21 15,16 23,26
36 35
23,24 13,14 21,22 19,20 2,3 24,25 27,28 29,30 28,29 15,16 34,35 5,6 18,19 26,27 32,33 8,9 14,15 20,21 11,12 12,13 33,34 25,26 17,18 4,5 16,17 7,8 3,4 31,32 6,7 0,2 30,31 22,23 10,11 9,10 1,35
22 107
12,15 4,16 16,21 4,12 2,12 4,19 7,15 11,14 3,10 6,9 18,19 1,15 4,10 0,20 2,5 9,17 5,15 0,13 0,19 12,18 8,19 5,8 2,13 0,16 0,2 8,12 11,17 4,17 2,4 8,9 1,18 11,12 6,16 12,21 5,7 4,15 4,13 10,20 0,15 7,10 7,13 2,19 11,15 9,11 2,3 1,21 15,18 3,4 10,17 8,11 5,13 6,17 8,13 14,21 3,17 6,12 6,10 8,18 1,3 10,11 9,12 10,14 5,9 5,6 0,11 3,5 14,20 14,19 1,17 6,8 9,16 0,1 16,19 4,8 6,13 0,9 10,18 7,8 15,21 9,20 12,16 6,7 3,20 1,16 5,17 1,14 0,5 3,6 18,20 15,16 20,21 1,13 9,10 4,5 12,13 8,10 7,18 13,14 4,7 4,20 15,20 9,21 0,4 11,21 2,10 12,14 9,15
31 31
18,19 9,10 0,24 26,27 29,30 2,3 1,25 8,9 10,11 7,8 11,12 22,23 25,26 3,4 5,6 21,22 12,13 15,16 1,23 28,29 17,18 14,15 27,28 13,14 2,24 19,20 16,17 20,21 4,5 6,7 0,30
23 112
4,10 11,20 1,21 0,4 13,19 9,16 7,14 7,11 9,21 2,8 10,17 2,12 11,22 5,14 14,21 4,11 13,18 14,19 10,19 6,11 8,20 0,5 7,10 11,19 12,17 6,12 4,9 3,11 9,15 0,6 2,10 0,2 1,16 4,12 4,14 13,22 11,18 14,20 8,22 13,16 4,8 8,16 3,12 1,15 1,17 8,17 9,18 12,20 9,19 10,21 3,10 5,11 13,20 10,20 9,22 13,15 9,17 1,18 2,9 5,12 8,15 12,21 7,13 1,22 10,16 3,13 12,18 9,20 6,14 12,16 11,17 0,3 6,9 6,13 8,18 2,11 2,14 7,9 8,19 12,22 11,16 14,17 14,15 1,19 6,10 13,17 11,15 4,13 10,18 10,15 5,13 11,21 0,7 10,22 7,8 3,8 5,10 3,14 14,22 5,9 12,19 14,16 6,8 13,21 1,20 12,15 14,18 2,13 5,8 7,12 3,9 8,21
27 118
8,12 15,18 17,21 4,8 5,9 5,12 23,25 1,2 7,24 12,20 10,23 4,24 2,23 8,16 6,19 5,26 2,17 23,26 8,10 12,23 6,7 4,18 11,16 10,21 14,20 10,19 4,5 6,22 2,8 4,11 3,4 6,25 3,16 10,16 6,10 15,23 3,26 8,19 16,21 5,16 8,25 3,17 2,16 12,26 5,18 9,11 0,17 4,12 2,12 16,18 19,24 9,23 9,17 16,19 15,22 22,23 13,14 21,22 15,26 0,25 5,17 0,1 0,26 8,26 0,15 7,14 22,24 5,25 5,6 16,22 11,21 4,14 0,2 0,4 10,12 16,24 16,26 18,24 12,15 0,8 1,10 5,7 1,23 9,15 7,9 0,9 4,7 21,23 1,24 3,15 6,9 2,18 0,5 1,15 1,17 14,23 19,21 5,21 18,23 5,20 7,8 0,11 6,21 16,23 3,24 1,8 14,24 2,3 3,12 0,22 17,20 11,24 12,19 4,16 21,24 3,7 4,17 9,18
25 128
10,20 13,23 2,15 10,17 5,11 1,17 0,6 9,19 4,9 7,12 2,14 14,23 6,10 10,19 13,16 13,19 4,10 11,23 1,16 11,22 1,21 9,16 3,10 5,10 14,16 14,22 13,21 11,17 13,18 12,24 10,24 15,17 5,13 10,22 8,14 13,20 11,19 9,17 8,12 8,10 11,21 7,15 12,18 12,17 14,17 4,12 12,16 12,20 9,21 2,13 2,10 12,22 9,24 13,24 15,22 0,7 2,11 9,18 0,8 9,20 1,18 3,13 13,17 6,14 13,22 9,23 1,20 8,13 10,18 7,10 8,15 0,5 9,22 14,21 3,12 14,20 5,15 0,4 6,15 7,14 10,16 4,11 15,23 7,9 7,13 14,18 11,24 5,12 5,14 12,21 15,19 11,18 11,20 15,21 15,20 3,11 1,22 15,18 4,13 14,24 5,9 1,24 6,12 1,23 10,21 15,16 14,19 4,14 8,11 15,24 2,12 12,23 0,2 6,9 4,15 3,15 6,13 8,9 3,9 6,11 11,16 12,19 0,3 1,19 2,9 3,14 7,11 10,23
32 199
6,25 7,27 15,20 17,26 7,29 14,22 16,31 7,22 15,27 0,2 8,18 11,30 13,28 7,30 12,26 10,30 6,20 15,23 10,19 0,8 6,30 11,26 8,30 11,31 1,9 15,22 16,20 1,4 1,7 16,24 9,23 17,18 17,20 14,23 9,26 9,28 6,24 16,29 8,31 8,29 17,23 13,30 16,27 15,21 11,29 17,28 6,23 12,21 16,25 9,24 17,22 0,6 8,23 10,26 17,31 13,29 14,27 5,20 9,25 8,25 15,29 5,28 13,23 10,24 16,21 5,21 7,20 5,24 1,11 12,24 11,18 16,19 10,20 13,27 7,31 17,30 10,31 9,21 17,19 5,26 9,22 0,12 11,25 9,18 12,25 14,28 6,18 1,15 13,21 5,18 7,26 11,28 15,24 0,10 17,24 8,22 11,23 17,29 14,31 10,18 5,29 9,19 10,27 15,26 16,18 14,25 12,30 1,17 15,31 14,18 1,5 5,22 13,20 10,29 8,20 16,23 11,24 7,19 16,26 10,21 17,27 12,19 9,20 12,18 14,19 8,26 3,4 7,23 13,31 8,27 13,19 12,27 6,21 15,28 7,18 5,25 7,28 12,20 13,26 12,22 11,22 10,28 5,31 9,31 8,24 5,23 12,29 11,27 17,25 15,30 17,21 7,25 9,27 5,19 13,22 6,26 12,23 7,21 13,18 6,27 13,24 6,19 16,30 14,29 10,25 5,30 14,30 8,21 12,31 9,29 15,19 11,21 10,22 6,29 6,22 8,19 14,21 14,20 9,30 16,22 11,20 0,16 11,19 10,23 13,25 7,24 2,3 5,27 0,14 14,26 15,18 6,28 12,28 1,13 6,31 15,25 16,28 14,24 8,28
35 72
8,11 13,16 30,33 19,22 1,33 7,10 10,14 28,32 24,25 33,34 20,23 1,31 18,21 18,19 29,33 28,31 11,12 9,14 7,11 14,16 24,27 32,34 3,5 0,2 25,29 3,4 15,17 19,23 27,28 4,8 2,4 30,32 21,24 8,10 1,32 4,7 22,25 5,8 5,7 6,7 20,22 26,30 24,26 9,12 26,29 2,5 25,28 22,27 29,32 29,31 3,6 27,30 6,8 25,30 17,21 23,27 10,13 27,29 16,17 17,20 13,15 12,15 11,14 9,13 26,28 16,18 20,24 10,12 23,26 14,15 0,3 2,6
21 74
7,17 6,12 0,6 1,7 5,12 5,15 10,17 8,16 9,15 0,10 7,20 5,16 8,13 10,16 10,19 9,14 8,14 9,18 6,17 6,19 6,15 10,12 0,8 11,16 5,19 11,13 6,14 8,18 1,5 7,15 3,4 6,16 9,17 8,17 6,13 10,20 7,16 11,14 5,13 11,17 5,14 1,9 11,15 6,18 7,14 6,20 7,19 9,16 7,18 9,19 8,19 9,13 8,15 7,12 11,20 10,18 0,2 10,14 10,13 9,12 5,18 1,4 5,20 11,12 11,19 10,15 11,18 5,17 8,12 1,11 9,20 8,20 2,3 7,13
20 84
3,12 3,8 5,8 2,8 6,9 6,8 1,14 8,17 7,15 2,11 5,11 5,9 8,14 4,9 12,15 3,9 5,7 0,6 1,18 3,10 10,16 2,7 10,17 2,12 5,10 11,17 0,5 1,17 0,2 8,18 11,16 4,10 10,18 9,13 2,9 11,13 8,13 11,18 6,7 10,13 9,14 9,15 11,14 12,16 3,11 6,11 8,19 6,12 4,8 0,3 10,19 5,12 6,10 10,14 7,18 1,15 4,7 10,15 4,11 12,14 1,19 1,13 12,17 7,16 8,15 7,17 7,19 12,13 9,19 3,7 2,10 12,19 4,12 9,16 8,16 11,19 9,17 7,14 0,4 7,13 12,18 1,16 9,18 11,15
36 630
6,24 5,20 16,17 15,31 14,23 2,27 0,20 11,21 27,35 7,28 6,18 27,30 1,31 4,34 31,35 16,19 3,13 17,20 18,32 4,5 18,33 9,20 23,27 13,33 17,18 14,34 9,25 0,27 13,22 17,22 0,18 5,12 13,19 14,30 22,26 6,28 14,20 27,29 29,33 5,32 13,35 0,28 3,19 12,15 10,28 28,29 5,6 13,25 0,26 32,33 11,30 5,14 15,35 10,34 17,27 11,14 2,4 16,27 7,10 4,17 19,29 6,16 8,28 18,20 10,13 1,17 7,22 0,16 14,32 8,22 10,20 4,10 17,26 20,27 11,17 21,30 23,34 29,34 2,30 11,31 15,18 0,2 22,25 33,35 8,31 5,33 15,20 2,16 19,30 17,33 10,35 15,16 0,21 10,11 3,28 14,18 1,28 3,4 8,17 0,25 8,23 1,9 1,19 22,34 3,30 4,26 10,24 13,30 20,26 26,31 19,24 2,18 5,7 7,9 0,10 11,26 10,30 21,33 15,28 31,33 19,20 29,30 0,30 23,33 18,25 1,26 12,28 24,32 9,11 16,33 16,32 0,29 2,23 7,24 5,22 27,31 15,33 9,10 4,24 9,35 2,24 22,30 5,13 20,22 3,31 14,22 0,11 22,27 16,23 23,31 7,13 6,7 7,11 17,21 15,23 31,32 12,35 4,6 2,26 11,20 5,9 11,32 6,12 18,22 3,23 0,34 25,28 13,28 4,30 8,24 4,11 2,19 17,28 17,29 14,24 22,29 9,34 10,17 2,9 9,12 17,30 13,16 3,8 0,3 23,25 1,23 0,8 10,22 22,24 14,21 15,25 5,21 28,33 28,32 16,18 6,10 6,33 7,21 33,34 9,30 26,32 20,24 5,26 1,12 21,35 3,7 13,29 22,32 5,29 16,24 11,27 5,8 10,23 18,30 11,29 20,25 8,29 6,23 5,17 10,26 17,34 19,33 22,28 24,31 3,26 29,32 19,32 0,19 15,21 7,17 10,18 21,22 21,31 25,34 5,11 11,28 21,26 9,31 8,21 2,6 15,17 0,6 1,35 28,35 7,25 4,15 25,33 16,25 24,25 24,34 28,34 14,27 6,29 7,31 5,23 4,8 13,23 0,9 8,27 11,22 13,31 18,21 6,22 6,17 1,10 7,19 14,35 15,34 9,23 4,32 13,32 9,16 18,28 11,16 22,23 3,15 1,13 3,9 21,32 12,24 25,26 7,18 1,27 7,20 20,35 22,35 19,23 8,33 11,19 9,27 7,12 0,35 11,23 12,25 6,35 12,31 21,24 24,30 21,34 2,31 7,29 28,30 12,19 6,26 12,32 2,14 19,27 2,15 4,13 4,31 11,24 6,9 6,20 13,18 5,24 19,28 13,34 18,34 17,32 5,25 0,23 14,29 0,4 12,13 2,22 1,30 18,29 5,35 16,35 14,33 4,18 6,13 2,34 12,29 27,34 2,12 0,12 3,18 10,14 26,35 7,23 20,29 3,17 12,17 12,27 2,32 16,22 16,26 13,27 7,34 8,15 6,30 3,22 19,22 25,32 8,30 27,28 2,5 24,28 12,23 0,14 24,29 25,31 0,17 3,11 14,19 19,21 23,35 1,4 18,31 2,25 15,32 1,22 1,18 5,10 11,15 4,16 0,24 10,31 12,21 1,21 20,23 8,32 7,16 8,10 9,21 11,35 10,15 23,30 10,29 4,19 10,16 3,29 6,19 4,12 1,25 2,10 17,35 13,21 1,16 3,5 29,35 2,20 34,35 10,25 4,22 15,27 11,33 26,28 3,34 17,23 9,15 24,27 7,32 1,34 32,34 17,24 5,18 17,31 2,33 1,11 26,34 30,35 7,14 21,25 7,35 4,7 4,35 13,20 12,14 18,19 8,9 13,17 7,15 7,33 2,28 2,8 6,14 24,35 5,16 2,21 26,29 24,33 7,27 3,21 1,24 15,29 26,30 6,27 11,18 3,12 11,25 8,13 4,20 11,12 25,29 4,23 8,16 0,32 20,28 30,31 8,34 18,24 19,25 4,14 15,19 18,35 23,26 8,26 16,21 25,30 21,28 9,19 12,33 4,28 9,18 2,3 2,11 25,35 2,13 27,33 26,27 13,26 9,33 8,35 23,32 15,24 10,21 9,22 20,33 3,27 3,25 23,28 21,29 9,29 6,11 21,27 15,26 1,7 7,8 4,21 19,31 3,10 13,24 7,26 2,7 0,15 0,1 0,31 0,13 6,34 15,30 14,26 16,31 18,23 8,25 19,35 8,20 3,6 3,24 5,30 0,22 20,31 8,19 12,16 18,27 30,33 8,11 14,17 19,34 1,2 2,35 0,7 25,27 16,30 20,32 4,25 12,34 18,26 2,29 5,15 7,30 3,16 14,25 9,32 22,33 0,5 31,34 4,27 11,34 23,24 22,31 16,34 9,14 3,35 6,21 28,31 15,22 17,19 9,26 5,34 21,23 9,13 1,29 10,19 3,32 8,14 19,26 14,15 6,25 14,16 2,17 11,13 27,32 10,12 1,6 9,24 3,20 8,18 13,15 12,30 4,9 6,15 6,32 16,28 14,28 12,20 12,26 13,14 10,33 8,12 17,25 4,29 16,29 5,19 0,33 9,28 1,3 1,8 4,33 1,15 26,33 23,29 12,18 1,33 20,21 1,5 1,14 24,26 5,27 1,20 10,32 1,32 5,28 3,33 6,8 3,14 20,34 29,31 9,17 10,27 32,35 16,20 14,31 12,22 20,30 30,32 30,34 6,31 5,31
