2
1
1
4
3
1
1
1
223
225
34
4
5
10
3
1
1
1
9
3
1
1
1
5
16
41
9
5
1
8
3
10
7
329
1
6
1
1
4
100
1
64
93
91
1
326
1
7
3
21
5
1
12
1
1
4
1
4
1
4
6
6
23
20
326
5
4
100
6
6
5
7
5
3
96
3
4
4
451
89
3
1
2
1
239
8
6
1
3
1
4
7
5
1
10
1
2
2
5
104
1
90
67
1
42
11
66
4
4
108
6
1
2
1
12
233
2
6
1
99
2
104
1
8
7
28
10
4
6
7
225
7
3
440
1
4
1
5
4
1
10
1
1
1
1
2
38
7
6
7
332
1
226
18
6
10
1
3
5
219
6
99
7
1
443
438
7
68
4
2
7
1
26
6
5
1
114
5
2
5
5
1
226
6
105
9
2
4
5
5
3
9
17
3
327
3
3
2
3
36
91
1
6
120
5
6
4
2
9
12
2
229
5
4
1
2
1
116
5
1
10
15
4
4
8
113
2
2
9
2
1
3
2
1
10
4
4
14
1
8
1
2
6
5
1
1
10
1
3
2
1
7
6
3
5
1
12
10
1
8
6
102
4
1
1
11
1
7
1
65
63
324
119
6
1
2
2
1
5
2
4
9
10
2
1
66
3
220
1
1
17
1
3
3
1
1
6
1
2
4
12
5
2
4
10
6
7
1
2
1
1
3
6
4
4
1
7
1
9
7
44
3
2
3
7
18
6
4
6
1
1
1
2
4
5
1
5
3
107
14
3
4
23
2
8
1
8
8
4
3
4
1
1
66
5
105
4
66
36
5
2
18
64
23
1
1
4
22
2
1
10
7
1
2
2
35
88
72
2
1
2
10
2
5
1
2
1
64
1
2
6
5
35
5
24
2
441
6
2
2
215
1
3
6
4
93
1
1
1
1
12
5
1
40
2
1
4
1
3
1
15
6
2
1
4
1
1
65
22
6
6
7
3
8
3
1
3
15
446
3
9
4
6
117
6
1
2
5
3
8
118
24
9
4
1
10
1
1
4
6
1
1
107
5
1
1
1
43
6
4
2
4
20
2
4
10
10
8
1
63
1
5
8
1
6
2
5
2
18
1
111
13
7
218
1
1
14
4
7
8
7
10
7
1
4
1
1
1
5
16
5
10
12
1
1
26
4
2
4
2
7
1
5
1
10
2
20
5
1
4
7
11
114
17
5
5
6
1
3
1
15
5
63
1
12
97
1
1
2
228
42
9
1
16
1
5
3
6
9
10
5
13
12
5
1
2
44
1
6
1
1
1
6
8
3
6
6
5
1
3
5
2
1
2
1
17
1
1
12
4
40
1
20
4
10
4
1
2
2
11
45
1
3
34
1
2
7
1
1
2
1
7
4
8
34
2
1
14
1
10
102
4
66
16
4
2
3
2
4
228
3
8
4
1
7
9
2
3
3
2
104
3
1
1
6
5
6
5
1
40
1
12
5
8
93
66
24
98
62
2
6
1
2
4
6
1
4
6
10
2
2
5
2
10
1
93
2
4
5
12
1
1
2
1
4
7
5
224
22
6
4
3
87
3
6
10
1
10
2
90
1
102
7
3
5
3
8
4
5
7
2
12
1
6
3
103
3
17
1
12
5
36
5
2
3
5
3
6
1
6
1
4
4
3
220
1
7
4
4
104
4
6
5
4
4
5
3
1
1
104
20
1
442
1
1
4
8
1
3
3
327
4
9
1
225
1
1
5
6
4
15
1
1
16
3
1
8
1
2
117
5
7
1
6
1
1
1
1
5
5
117
6
1
220
1
2
5
1
5
6
5
2
7
4
3
8
8
2
1
450
33
4
15
10
6
4
1
3
1
4
94
3
2
6
1
1
3
9
6
105
4
2
7
1
67
1
41
5
3
4
10
1
10
1
6
1
10
18
5
9
1
1
5
14
12
4
1
4
18
38
2
4
7
1
2
20
7
6
1
1
4
6
2
4
16
90
1
6
2
10
17
2
319
3
5
1
2
21
4
65
1
6
12
1
3
1
3
1
3
106
1
10
96
10
1
6
1
64
3
1
26
1
119
7
18
69
3
19
7
17
10
2
111
3
3
94
1
40
4
13
5
7
2
5
4
5
5
15
6
22
1
4
7
8
8
2
2
1
5
7
5
5
1
1
6
8
4
23
22
10
6
8
3
3
115
7
1
65
2
15
6
10
64
3
15
224
7
105
10
16
3
5
4
7
6
91
449
1
2
7
1
3
1
1
3
8
1
2
8
1
5
8
2
20
5
8
4
7
21
3
14
1
328
6
1
7
4
323
4
5
3
5
3
21
5
1
4
6
3
3
5
18
3
8
1
1
8
3
1
2
88
2
6
3
18
2
12
2
2
3
10
1
4
6
1
4
5
2
6
1
7
4
2
42
6
42
1
3
108
1
63
1
7
10
3
3
5
6
1
5
6
10
5
98
1
4
1
1
5
105
10
1
5
3
9
6
2
3
18
2
3
4
5
5
3
8
1
3
107
1
1
1
2
3
232
2
1
1
5
5
14
4
106
2
1
1
1
8
1
4
7
1
2
5
20
5
1
4
21
10
5
11
101
7
10
5
1
5
67
1
1
3
63
3
2
2
8
88
98
1
1
2
3
1
3
2
225
2
26
20
103
1
3
10
7
1
15
106
4
2
1
2
106
7
33
222
7
1
228
1
5
1
7
222
2
7
1
4
1
1
65
1
71
4
2
104
3
10
332
6
116
10
7
5
10
6
9
104
21
6
1
18
4
3
4
7
2
2
39
45
8
1
1
10
1
4
21
1
1
16
116
1
7
10
2
13
3
113
6
7
119
10
1
1
8
8
4
3
1
10
4
1
3
1
1
2
5
6
2
1
43
66
118
7
6
220
4
1
1
1
6
1
1
1
1
221
3
107
15
5
4
1
10
9
6
2
7
5
3
5
7
14
3
109
2
6
66
96
15
5
1
116
1
5
10
2
65
222
1
8
6
14
17
2
44
4
15
3
1
6
8
5
329
1
1
5
1
2
8
10
1
2
15
4
3
120
2
1
1
4
10
102
107
1
7
18
1
2
7
13
2
220
66
1
6
1
7
1
3
1
1
3
6
1
7
21
6
3
5
3
8
9
1
23
1
5
1
18
6
1
3
5
8
3
1
10
5
453
15
1
5
4
5
7
7
1
7
91
1
6
6
6
1
1
5
7
1
11
2
5
5
6
1
93
7
1
428
89
121
5
100
4
4
1
1
2
2
4
3
5
1
1
1
117
5
103
7
3
6
5
5
2
4
66
2
2
1
4
3
5
5
1
1
1
5
1
6
3
6
103
12
1
5
1
6
1
87
3
1
425
1
1
5
10
2
1
118
7
1
1
10
15
3
3
5
3
2
105
4
7
1
2
10
7
1
8
15
4
6
4
9
24
6
8
4
3
1
5
10
4
4
5
117
5
5
450
1
2
2
1
4
5
225
3
12
1
12
5
1
1
2
3
1
105
1
23
1
16
2
4
2
3
9
4
4
102
8
1
17
16
15
1
6
95
117
447
121
3
1
3
1
21
14
1
6
6
2
7
1
1
8
1
1
1
6
117
224
1
70
107
6
334
1
4
10
2
9
4
4
3
2
1
101
5
15
106
2
6
4
3
6
1
4
8
15
1
11
66
1
18
10
62
6
2
2
91
4
223
1
87
66
16
6
41
96
7
1
103
16
3
88
5
222
103
6
2
4
217
3
6
5
1
1
5
3
5
21
4
6
5
12
3
15
3
21
4
4
3
1
7
4
1
6
1
7
2
6
63
1
3
6
21
8
5
10
6
7
1
5
1
24
1
5
4
5
2
1
6
64
3
10
4
451
1
5
3
17
5
5
1
4
5
10
65
6
18
11
4
3
4
3
223
3
1
1
1
7
15
5
4
63
326
10
1
6
3
12
1
16
93
3
3
2
3
111
10
3
42
2
3
6
1
8
5
14
95
1
2
1
1
95
4
6
1
7
16
1
4
14
440
105
1
8
4
5
4
1
6
2
1
4
3
1
1
2
4
5
8
4
7
1
6
8
7
10
1
3
4
1
16
7
6
1
3
71
444
7
3
63
2
1
7
4
3
1
66
7
5
5
3
1
14
212
227
3
10
1
5
1
4
1
2
4
66
8
21
3
3
7
104
116
5
22
6
1
1
21
2
1
8
2
4
1
447
7
21
1
1
8
8
6
18
92
1
217
8
1
5
2
1
1
2
1
64
3
4
15
3
2
63
1
6
21
2
1
5
10
1
2
2
3
6
3
1
6
8
1
1
8
16
6
6
1
25
215
104
4
4
3
2
7
6
1
2
2
2
1
1
5
8
2
2
22
4
1
3
1
7
4
1
17
9
7
1
1
18
3
21
36
4
103
5
9
6
6
2
1
3
5
4
10
1
6
1
1
3
1
1
3
1
15
2
6
1
10
1
3
1
5
1
3
10
1
64
15
2
1
5
1
3
8
13
2
2
1
64
1
2
4
1
22
8
3
1
452
7
334
1
10
4
3
9
224
12
1
1
7
39
2
3
10
2
1
5
1
1
11
6
1
3
2
7
4
7
1
10
3
7
6
5
1
1
1
6
1
337
3
333
4
1
4
4
18
10
16
18
6
2
15
4
6
103
3
3
1
2
4
5
3
1
5
1
118
3
3
7
2
1
5
5
6
1
1
2
111
10
38
5
7
7
6
14
1
1
14
2
1
6
86
330
11
4
3
1
5
1
1
1
1
334
6
1
117
7
224
14
1
3
2
10
6
66
8
1
4
11
1
1
114
5
4
1
4
35
1
103
1
3
10
63
6
67
2
14
7
105
21
41
1
6
1
1
1
9
221
3
4
6
6
5
11
1
63
10
4
1
6
1
7
4
17
1
2
10
14
1
6
1
7
1
6
10
2
18
42
10
1
9
5
9
1
1
5
1
5
1
4
3
10
5
435
4
6
1
41
1
4
1
447
67
1
1
62
1
2
7
2
1
7
2
219
1
228
118
2
8
4
1
1
1
3
1
97
223
1
18
10
9
4
1
220
5
1
9
32
6
2
16
1
6
4
94
35
7
2
3
4
333
225
1
1
1
102
4
68
1
4
1
1
5
1
1
6
2
106
8
5
7
7
9
5
110
2
6
2
1
5
14
6
4
1
95
438
4
223
1
15
7
5
5
63
21
3
1
8
5
1
9
5
10
6
6
6
18
8
5
1
216
1
1
104
21
1
6
7
5
2
1
35
69
6
8
1
3
10
439
1
11
3
2
1
1
6
1
7
6
6
2
2
10
4
4
3
4
4
21
5
4
9
1
5
1
5
3
11
10
5
13
111
15
1
324
1
3
8
5
6
5
1
1
6
5
4
5
6
5
1
229
1
1
4
4
1
1
3
10
1
5
1
4
10
1
4
1
1
1
6
2
1
5
448
68
3
16
1
1
1
21
3
1
321
1
1
3
5
1
3
100
14
4
6
3
5
2
2
64
3
3
14
3
12
100
8
4
3
2
1
1
4
4
1
2
64
6
438
1
2
3
22
8
1
217
6
1
103
34
2
2
5
10
91
21
4
103
5
3
7
10
7
1
8
1
1
2
4
5
218
117
4
2
2
4
96
7
4
64
97
16
6
1
4
4
66
14
102
1
4
3
3
10
1
1
1
1
2
6
10
1
5
3
1
435
5
1
3
1
10
8
6
9
24
2
1
2
67
5
2
1
116
1
2
1
4
4
5
1
3
1
10
7
5
4
1
4
5
1
18
1
1
4
16
2
1
1
6
5
5
2
90
4
6
106
18
3
1
10
5
3
330
324
5
1
225
10
3
3
6
1
100
1
15
6
103
1
4
2
24
17
103
2
2
7
5
1
1
5
102
98
2
3
1
14
3
4
9
12
4
10
1
1
224
4
1
5
2
3
10
220
1
117
3
6
4
3
7
1
4
4
6
4
7
5
62
4
5
14
2
62
6
1
1
3
38
5
92
6
1
2
1
7
1
6
3
1
1
2
22
4
1
1
3
1
3
1
10
2
1
106
1
8
1
6
3
3
7
1
1
7
2
1
15
1
5
10
1
2
4
9
1
3
8
6
12
1
2
7
6
1
70
67
7
1
7
6
3
5
1
35
6
443
4
3
1
1
7
5
2
6
1
5
10
1
5
1
22
3
2
7
2
65
5
2
1
1
8
1
2
4
105
1
120
4
3
4
1
2
1
1
7
14
4
5
93
8
97
220
1
2
10
3
6
6
2
5
6
88
37
4
217
21
1
6
4
6
6
4
2
6
3
21
6
17
1
1
2
5
4
1
226
5
1
15
4
4
2
5
14
1
1
1
1
1
2
15
3
2
39
5
22
5
5
7
1
3
1
5
7
6
1
9
102
1
8
15
5
5
3
1
3
1
3
102
1
8
14
3
1
1
3
1
10
34
5
3
1
7
7
9
1
4
1
11
1
1
1
1
1
4
2
1
5
1
1
16
1
1
1
2
4
2
10
12
1
12
15
12
4
1
12
95
5
5
2
1
34
5
2
1
7
1
1
1
7
5
6
5
4
14
3
65
1
1
3
441
1
4
1
5
1
2
116
7
5
2
1
11
1
10
9
1
5
4
1
5
3
1
222
7
9
1
10
1
6
8
2
3
7
1
1
15
10
1
1
69
22
2
2
4
1
2
3
226
3
2
7
3
2
8
18
7
1
105
1
2
5
6
2
64
3
88
5
5
5
5
5
3
103
1
1
1
1
1
1
1
330
4
5
1
59
1
1
217
15
5
11
107
2
4
8
5
1
6
331
1
5
20
9
6
4
8
3
14
6
101
3
17
5
219
1
3
1
5
69
34
9
6
2
1
3
5
6
4
1
34
6
1
10
6
2
1
5
2
10
4
5
3
7
6
6
97
15
2
1
7
5
67
4
8
3
1
107
7
10
45
1
116
24
5
1
2
6
1
5
1
3
23
6
5
1
6
1
1
1
63
2
5
4
102
107
451
3
9
2
2
5
1
2
7
1
3
1
2
104
1
1
2
24
9
7
5
5
1
3
10
1
12
106
1
1
4
4
322
335
5
69
448
6
2
10
4
4
1
20
2
3
1
3
1
7
3
3
3
3
12
4
10
5
345
1
1
1
2
1
1
3
64
14
7
2
2
1
64
5
14
6
1
40
3
4
5
16
9
10
98
64
2
1
2
12
5
3
7
6
4
1
1
7
1
3
8
316
3
220
1
7
5
12
1
5
7
109
23
100
10
232
3
4
5
22
99
1
1
3
2
1
3
15
92
3
4
4
21
10
2
1
2
4
18
6
18
3
9
221
22
6
1
5
17
12
4
1
1
4
2
4
1
102
2
18
16
215
7
9
1
5
2
3
1
1
3
6
1
2
1
1
2
1
60
8
221
1
122
7
1
1
5
4
4
12
12
7
3
6
1
22
330
1
2
1
3
228
1
1
1
2
3
66
438
7
1
1
1
8
440
3
1
1
43
1
5
1
12
10
1
5
6
1
1
7
99
1
12
8
5
14
16
5
3
2
2
17
3
22
6
1
6
3
2
1
4
8
6
5
7
37
5
2
2
3
3
1
108
6
8
6
4
1
5
5
3
6
3
4
1
1
5
5
5
10
5
6
15
3
1
3
4
101
1
9
3
2
24
5
2
6
114
1
8
1
3
2
9
41
1
1
8
1
13
1
1
12
8
8
1
1
114
2
16
5
104
8
5
22
3
6
10
9
443
1
16
5
8
4
1
2
1
117
104
1
44
2
4
1
2
11
2
2
444
1
10
224
7
1
7
1
2
1
1
5
1
328
1
1
16
4
224
2
16
7
10
7
7
3
7
5
3
10
1
1
10
5
4
14
4
7
4
6
17
8
1
1
3
2
103
2
102
6
1
95
21
5
5
8
443
1
3
6
12
22
3
5
10
1
11
2
7
6
65
12
5
1
3
2
6
1
93
4
3
7
6
1
5
13
5
108
3
108
1
1
3
1
330
1
1
3
4
35
1
6
6
1
86
1
1
113
1
5
1
4
6
7
1
2
3
2
1
21
1
8
5
5
4
1
1
1
18
1
8
1
1
2
35
4
10
2
2
106
4
226
7
6
3
4
6
1
118
1
4
6
4
2
1
4
4
5
4
22
1
2
6
1
4
8
4
5
8
7
1
1
5
3
1
1
64
98
35
1
103
5
1
22
22
8
4
1
1
5
441
4
1
2
3
1
1
3
1
1
4
2
18
99
3
1
325
3
8
18
22
15
3
1
105
15
6
23
34
10
223
1
5
1
64
6
5
1
13
1
1
7
40
3
1
3
6
36
2
6
1
3
6
10
103
3
3
1
2
4
3
1
2
2
1
105
1
116
4
4
64
6
105
2
3
2
10
330
1
2
4
1
2
7
3
4
2
1
15
1
22
4
1
6
6
7
10
13
1
64
12
1
2
14
1
1
6
1
5
96
222
4
38
10
3
8
2
4
1
6
9
13
1
451
1
105
1
2
2
3
2
6
8
8
1
1
38
1
12
1
3
6
34
10
5
15
226
5
9
38
1
5
2
3
1
1
1
15
3
9
9
6
1
6
2
1
1
1
1
4
3
4
5
3
5
3
14
11
6
324
4
1
6
5
8
6
6
4
6
10
41
1
2
3
1
5
101
6
8
1
3
7
2
5
2
3
4
3
1
12
10
10
1
7
17
2
10
105
1
1
1
1
7
3
115
7
7
8
1
14
2
332
2
4
7
7
1
9
4
2
6
8
1
1
8
2
4
3
4
26
1
1
18
3
3
10
8
2
7
1
91
7
7
6
1
4
1
99
13
8
16
442
10
87
1
5
1
10
1
217
4
94
15
4
1
1
20
1
99
1
2
1
10
2
5
4
4
118
4
2
6
1
1
1
1
10
1
1
20
5
1
1
105
2
3
4
1
1
4
5
325
5
1
3
1
1
2
2
22
1
2
2
3
4
20
1
1
6
2
10
1
2
2
1
4
2
2
1
101
4
66
5
1
1
1
9
1
3
1
21
1
8
3
3
10
98
1
322
14
22
445
3
1
6
18
15
4
1
2
4
1
2
6
1
12
8
9
5
20
1
3
7
22
1
2
2
10
42
2
7
1
5
12
4
320
2
10
2
88
7
6
444
1
5
15
3
438
7
1
1
10
1
1
22
4
1
24
3
1
5
89
2
2
3
6
1
2
1
7
4
6
4
1
5
7
15
6
320
41
2
18
99
4
11
1
3
323
3
9
6
7
5
1
7
5
5
40
1
3
4
14
4
6
2
40
1
5
1
1
20
68
1
3
4
5
2
5
92
1
5
4
116
445
1
7
1
1
1
325
12
5
4
42
1
4
1
1
7
2
2
226
11
1
13
3
2
1
4
2
6
2
10
6
4
3
7
4
6
4
3
1
5
10
1
2
42
39
6
1
8
2
2
1
1
2
3
1
88
15
1
5
2
4
10
16
8
6
1
341
3
222
1
10
1
3
214
4
3
6
5
6
10
4
4
5
97
1
1
1
10
6
1
7
10
11
6
7
2
5
12
98
4
2
4
36
4
2
5
67
8
1
21
3
10
34
2
6
10
3
216
6
1
62
4
1
448
2
5
15
1
20
4
2
5
6
5
40
1
7
1
1
15
1
2
2
4
3
334
222
13
13
1
10
229
1
1
62
107
1
64
4
5
5
6
332
10
440
2
1
24
3
3
5
10
5
1
4
14
6
1
6
1
4
1
1
2
4
107
4
1
1
1
86
1
1
1
33
1
110
4
6
5
2
2
4
2
3
13
1
2
3
3
1
5
3
12
6
99
20
5
7
444
15
1
5
24
7
10
8
5
2
5
5
1
1
7
18
7
18
1
219
223
5
1
5
1
3
1
15
12
4
6
1
2
114
4
3
10
1
1
1
1
96
432
2
4
11
1
10
7
7
104
1
21
1
7
15
1
1
1
38
1
1
33
1
1
7
5
34
65
6
10
1
324
7
6
10
10
1
6
3
3
2
445
6
1
226
325
1
1
2
1
1
1
8
225
6
1
8
1
8
1
17
3
3
2
2
106
4
2
1
67
10
23
3
1
2
5
447
7
1
1
3
10
4
3
4
2
4
6
2
1
3
2
2
1
2
1
1
15
18
2
6
6
1
3
17
2
4
1
5
2
17
4
327
3
10
1
6
4
8
6
121
5
14
7
14
5
9
10
21
1
1
5
5
4
1
1
220
60
3
4
1
1
4
4
1
15
2
3
7
5
1
13
1
6
1
220
5
2
1
3
5
3
16
4
10
4
4
1
5
4
1
5
331
5
327
34
321
6
4
12
7
1
5
2
1
5
3
3
7
1
6
21
14
10
320
3
107
4
14
10
2
6
21
1
3
1
2
40
2
23
10
6
2
1
1
12
6
5
1
4
5
3
5
3
1
35
66
1
5
6
5
5
4
2
6
2
230
3
64
3
104
1
2
4
10
5
448
6
64
6
9
1
6
3
21
1
1
10
6
7
10
5
5
9
7
6
4
2
1
5
2
1
4
2
4
7
6
10
14
4
1
1
3
6
8
10
1
3
7
4
4
6
5
4
2
3
4
220
24
1
14
2
16
448
4
1
221
1
15
1
101
11
13
8
5
2
7
1
107
68
4
1
109
1
3
1
8
1
1
9
17
6
3
5
12
6
7
7
5
2
1
40
3
2
333
5
104
5
1
3
107
1
2
4
6
322
6
1
5
7
3
1
6
7
221
10
7
1
2
2
6
3
7
10
1
34
2
335
5
3
6
2
1
5
3
2
98
3
2
2
3
446
1
10
1
2
33
4
16
40
2
3
89
6
1
6
450
4
5
8
1
5
6
1
7
1
1
1
10
5
5
5
4
2
6
2
1
1
1
36
4
3
5
6
5
2
1
7
8
2
3
1
5
1
10
1
5
1
1
3
1
4
444
4
11
1
3
7
1
5
228
4
2
10
1
17
3
4
1
2
5
3
1
3
5
21
2
5
325
8
6
7
5
4
1
3
10
3
1
1
14
1
85
64
13
6
1
5
1
1
1
2
8
61
100
6
4
1
37
5
5
2
1
5
6
107
10
3
1
17
5
1
2
3
6
1
5
4
231
448
7
1
6
1
6
221
1
4
90
1
3
6
7
2
5
2
13
5
2
3
1
8
10
1
1
1
109
1
1
89
11
6
4
1
1
10
3
6
23
3
1
216
62
3
18
4
2
4
5
1
7
1
8
1
4
2
5
3
1
2
1
1
3
9
4
4
7
2
2
6
5
1
4
64
7
65
3
6
69
4
4
1
2
447
5
2
14
1
3
3
4
62
3
64
9
1
2
10
7
2
2
8
15
3
16
1
93
4
6
8
1
6
324
5
41
85
2
3
2
12
1
1
5
5
1
112
6
7
1
1
10
8
5
10
38
2
1
4
2
1
5
3
5
1
5
4
5
102
9
1
112
5
6
4
4
2
4
4
1
117
1
2
2
9
6
2
222
6
102
2
1
1
2
43
1
10
1
88
1
2
4
5
9
10
2
3
1
1
1
1
12
1
1
10
34
5
1
20
67
18
2
6
1
1
1
1
1
1
5
9
3
3
1
5
10
1
7
2
14
10
5
6
8
7
1
5
1
221
1
221
8
1
115
33
2
1
5
6
2
6
21
1
327
6
13
1
7
3
9
15
108
1
2
1
5
8
23
1
445
5
4
6
3
1
449
5
4
1
1
1
2
1
10
4
5
3
1
1
1
1
2
1
1
1
16
5
92
6
1
23
2
1
1
1
8
4
5
7
1
1
5
7
9
4
2
19
21
5
3
42
3
7
7
3
10
1
15
327
1
1
2
114
4
3
2
6
109
5
6
1
1
10
1
1
1
2
337
111
15
3
1
23
3
15
6
327
2
5
1
1
10
1
3
7
10
1
5
5
8
1
10
25
8
14
15
23
324
6
434
1
10
15
117
89
10
4
1
1
1
7
107
4
4
7
8
5
5
6
1
115
4
5
4
7
4
1
4
1
10
10
5
1
444
104
1
10
2
7
5
1
4
10
1
2
7
1
5
9
10
10
1
2
7
5
2
4
225
116
119
2
6
118
6
11
1
6
4
3
8
4
5
18
41
5
221
5
107
6
6
66
5
6
1
1
1
5
3
2
2
2
5
21
20
1
14
6
5
5
3
1
10
7
2
2
2
3
65
4
4
1
1
1
2
8
3
17
1
6
6
4
229
2
111
1
7
7
5
1
14
1
2
2
9
2
1
3
1
61
4
3
1
1
94
1
8
1
221
18
10
94
5
1
2
11
1
17
23
4
3
1
6
2
7
1
4
219
1
2
3
15
6
11
18
6
22
1
1
1
88
1
2
66
7
109
6
6
2
10
6
7
1
14
1
15
35
12
1
110
6
5
67
2
45
38
1
1
34
1
8
2
2
1
7
40
2
5
4
15
6
1
9
2
1
3
14
6
1
107
6
67
102
24
5
4
1
4
2
6
10
5
3
5
1
4
1
3
6
1
114
218
97
1
5
1
7
1
12
10
1
3
117
7
15
1
7
1
1
4
1
7
1
1
337
4
5
4
5
1
1
1
2
2
12
3
223
10
3
1
1
1
8
6
5
66
5
2
18
3
2
43
3
7
4
14
36
1
6
3
2
4
2
1
328
1
5
1
10
1
4
1
221
6
107
3
1
10
3
1
332
4
41
6
36
1
3
1
105
1
22
20
8
6
1
6
5
1
9
215
1
4
1
3
10
452
10
22
3
91
219
223
1
4
2
1
3
2
10
10
10
10
10
1
15
3
5
2
1
1
43
5
439
2
1
1
10
7
2
7
9
1
6
22
62
5
3
15
1
4
1
2
99
10
12
33
6
7
1
1
15
104
12
10
7
6
3
6
1
5
2
6
1
98
4
10
2
9
1
9
105
5
4
6
22
10
10
323
1
14
1
3
7
7
20
1
5
5
3
2
2
2
5
1
9
6
5
6
2
119
1
90
218
8
21
1
2
3
3
2
1
6
10
3
5
2
18
4
1
3
38
4
1
36
66
4
1
6
10
3
6
1
10
7
1
36
326
16
7
3
7
5
1
1
24
10
2
1
6
1
1
3
1
2
1
4
3
5
4
103
1
2
37
12
10
8
6
2
4
1
1
10
10
1
9
10
10
66
105
2
5
9
3
3
3
230
5
10
94
5
7
1
61
5
4
4
18
6
6
4
12
12
3
10
4
1
103
2
4
5
1
1
1
1
1
2
15
91
445
10
4
1
1
1
7
3
1
1
212
1
5
3
4
1
101
10
1
5
2
7
6
2
6
2
1
5
21
1
8
4
1
5
3
7
5
224
6
4
100
1
10
4
1
226
1
1
4
12
4
102
7
18
22
6
3
1
1
325
1
16
6
1
1
5
1
4
1
2
10
1
6
3
2
5
10
4
87
4
4
1
10
1
6
1
1
6
5
6
228
1
22
40
5
1
3
6
10
7
20
102
108
3
5
225
3
2
6
17
2
4
6
1
10
2
65
2
1
326
39
8
2
1
448
5
3
210
8
329
10
1
4
1
9
5
10
3
4
2
2
10
18
8
10
1
5
3
1
3
2
1
15
327
1
10
98
6
1
1
3
1
7
2
1
3
219
2
4
8
5
8
1
3
1
5
1
2
5
1
7
5
118
216
220
10
6
22
15
10
96
1
15
2
3
4
1
3
9
2
32
1
5
1
6
1
1
89
5
3
5
227
1
2
63
2
1
1
328
1
18
1
91
4
5
105
3
3
7
3
6
1
107
6
1
222
2
20
120
12
4
64
2
5
1
1
4
1
1
5
103
3
1
10
4
91
2
2
102
6
1
1
3
2
1
5
325
1
6
1
5
2
5
8
2
1
3
107
1
10
3
5
3
4
3
1
1
37
3
1
436
1
2
1
3
4
12
6
4
7
5
5
1
4
7
7
1
6
10
5
4
2
452
1
1
1
66
5
6
21
4
6
2
4
1
2
1
1
4
5
1
1
15
3
2
6
64
24
10
1
1
3
1
2
6
6
1
9
6
1
113
14
4
3
2
1
6
8
6
3
14
2
3
10
10
7
8
4
3
2
6
10
7
5
3
1
12
2
21
3
103
105
4
3
1
13
7
103
5
4
9
12
1
1
2
7
3
4
2
3
5
17
106
2
4
1
2
6
3
1
106
1
1
63
4
64
1
1
1
7
5
1
2
3
8
3
1
1
3
3
93
4
2
7
66
1
2
6
1
18
1
222
7
7
4
1
4
1
7
7
215
6
15
2
1
1
2
1
10
6
1
1
1
1
6
6
1
5
9
1
1
6
2
6
2
4
7
1
20
6
5
10
21
12
1
1
1
5
322
4
1
16
1
1
1
1
7
17
3
1
104
6
119
7
18
1
3
5
8
7
1
3
228
2
108
10
6
1
5
2
9
4
1
7
1
1
3
5
21
14
4
4
10
3
68
4
222
3
1
5
10
17
219
7
2
222
1
23
101
3
4
1
5
1
5
2
5
2
7
1
4
1
2
2
2
2
6
36
1
11
4
1
4
4
2
5
100
2
10
2
5
1
1
11
5
3
4
10
2
6
5
6
10
4
1
7
4
1
2
14
6
12
5
10
4
10
7
4
3
1
1
1
3
7
3
22
1
10
3
5
1
1
6
5
1
1
12
1
102
5
64
9
1
8
1
10
1
5
1
4
5
3
2
10
10
7
4
2
5
2
1
15
4
44
10
1
1
93
4
3
5
1
5
35
1
21
20
1
6
1
1
2
1
8
36
15
1
36
4
10
8
4
14
1
2
1
12
66
3
1
6
1
7
1
2
12
1
5
1
65
2
35
6
2
10
4
225
7
20
4
1
7
5
5
2
4
7
65
1
220
4
5
10
2
1
1
1
4
6
1
63
7
4
3
1
10
7
1
6
1
1
217
1
4
7
68
4
1
14
8
4
14
3
15
5
10
2
1
320
2
7
37
1
2
10
1
2
1
116
10
4
6
222
64
6
68
2
1
104
10
71
1
106
2
6
5
1
1
2
1
12
3
7
1
7
5
101
6
1
10
3
5
10
5
216
107
4
1
5
1
1
10
1
1
1
9
442
1
16
23
1
65
5
1
1
88
9
6
1
10
1
63
7
3
34
7
23
1
3
6
2
2
12
7
221
1
18
5
4
6
6
4
4
2
37
1
22
13
107
6
1
1
5
7
4
8
2
33
12
11
2
8
1
20
12
6
6
1
33
98
1
1
6
1
7
1
14
119
4
5
3
3
1
6
103
1
7
6
9
5
7
4
4
12
1
9
434
4
23
6
3
10
4
12
1
2
1
9
113
3
1
10
66
10
1
2
2
15
1
1
6
22
6
3
2
2
6
224
3
105
4
2
7
14
114
1
119
10
1
3
3
8
9
1
3
5
9
225
5
2
1
1
21
16
1
1
20
8
26
1
4
1
1
8
63
1
2
1
4
4
4
21
116
2
1
10
1
5
89
4
1
107
5
1
18
2
2
4
5
2
1
1
4
10
5
6
9
34
1
10
210
1
108
217
1
7
1
34
4
1
3
1
4
5
6
2
3
108
21
1
4
5
2
6
6
3
1
6
6
1
1
4
9
1
2
1
66
1
3
3
2
8
15
4
1
1
5
1
5
5
1
99
2
1
1
1
4
1
34
5
7
1
1
447
2
5
4
10
1
7
89
7
11
4
5
4
1
1
108
112
5
1
1
1
24
7
2
10
6
232
1
1
4
217
12
1
22
6
3
2
1
5
4
1
116
115
3
12
228
2
10
3
103
44
5
320
6
2
7
5
5
2
3
6
3
222
88
12
101
108
1
24
6
5
10
9
1
21
6
5
10
1
2
3
1
5
2
7
12
6
2
66
3
10
7
6
1
5
1
3
8
453
3
1
5
1
118
1
3
96
6
3
1
4
1
1
1
3
6
3
117
8
2
3
1
3
6
18
7
1
1
5
10
4
2
7
3
3
10
26
102
1
6
443
5
4
1
440
68
114
38
227
1
69
4
1
12
7
91
438
14
8
35
10
3
3
10
3
3
1
3
6
20
67
5
1
1
2
4
1
1
33
14
1
3
2
2
1
448
7
3
10
18
4
1
1
3
5
4
442
7
3
1
215
5
4
18
2
1
3
95
3
7
10
3
3
7
17
1
1
7
7
1
6
4
3
4
3
218
69
3
1
2
3
3
32
39
329
4
2
10
9
1
10
1
1
4
6
1
94
35
7
1
4
3
1
1
3
20
1
87
9
5
8
20
222
14
8
5
4
19
5
5
1
8
1
1
1
1
41
69
336
3
10
7
6
42
98
8
2
5
6
5
1
2
66
1
2
2
14
6
8
5
7
2
21
2
4
34
1
