200
112 132
213 324
1234 3243
12 9423
123 324
12 432
1232 234
123 435
1234 3543
4213 1312
112 132
213 324
1234 3243
12 9423
123 324
12 432
1232 234
123 435
1234 3543
4213 1312
112 132
213 324
1234 3243
12 9423
123 324
12 432
1232 234
123 435
1234 3543
4213 1312
112 132
213 324
1234 3243
12 9423
123 324
12 432
1232 234
123 435
1234 3543
4213 1312
112 132
213 324
1234 3243
12 9423
123 324
12 432
1232 234
123 435
1234 3543
4213 1312
112 132
213 324
1234 3243
12 9423
123 324
12 432
1232 234
123 435
1234 3543
4213 1312
112 132
213 324
1234 3243
12 9423
123 324
12 432
1232 234
123 435
1234 3543
4213 1312
112 132
213 324
1234 3243
12 9423
123 324
12 432
1232 234
123 435
1234 3543
4213 1312
112 132
213 324
1234 3243
12 9423
123 324
12 432
1232 234
123 435
1234 3543
4213 1312
112 132
213 324
1234 3243
12 9423
123 324
12 432
1232 234
123 435
1234 3543
4213 1312
112 132
213 324
1234 3243
12 9423
123 324
12 432
1232 234
123 435
1234 3543
4213 1312
112 132
213 324
1234 3243
12 9423
123 324
12 432
1232 234
123 435
1234 3543
4213 1312
112 132
213 324
1234 3243
12 9423
123 324
12 432
1232 234
123 435
1234 3543
4213 1312
112 132
213 324
1234 3243
12 9423
123 324
12 432
1232 234
123 435
1234 3543
4213 1312
112 132
213 324
1234 3243
12 9423
123 324
12 432
1232 234
123 435
1234 3543
4213 1312
112 132
213 324
1234 3243
12 9423
123 324
12 432
1232 234
123 435
1234 3543
4213 1312
112 132
213 324
1234 3243
12 9423
123 324
12 432
1232 234
123 435
1234 3543
4213 1312
112 132
213 324
1234 3243
12 9423
123 324
12 432
1232 234
123 435
1234 3543
4213 1312
112 132
213 324
1234 3243
12 9423
123 324
12 432
1232 234
123 435
1234 3543
4213 1312
112 132
213 324
1234 3243
12 9423
123 324
12 432
1232 234
123 435
1234 3543
4213 1312


