180
366666663 266666664
233333331 533333328
199999998 599999994
333333330 333333330
99999999 799999992
266666664 466666662
466666662 66666666
133333332 733333326
66666666 866666658
33333333 933333324
299999997 399999996
166666665 666666660
399999996 199999998
433333329 133333332
0 999999990
38461535 230769210
492307648 230769210
261538438 230769210
596153839 38461538
684615323 230769210
653846146 38461538
476923034 230769210
538461532 38461538
0 38461538
653846095 230769210
292307666 230769210
277777775 166666665
338461508 230769210
846153836 38461538
346153842 38461538
146153833 230769210
592307639 230769210
607692253 230769210
807692298 38461538
399999964 230769210
599999946 230769210
515384569 230769210
111111110 166666665
638461481 230769210
646153788 230769210
96153845 38461538
215384596 230769210
284615359 230769210
192307675 230769210
173076921 38461538
107692298 230769210
238461517 230769210
707692244 230769210
153846152 38461538
176923061 230769210
438461499 230769210
461538456 38461538
57692307 38461538
423076918 38461538
461538420 230769210
623076867 230769210
669230709 230769210
269230766 38461538
230769210 230769210
530769183 230769210
903846143 38461538
555555550 166666665
46153842 230769210
330769201 230769210
444444440 166666665
546153797 230769210
184615368 230769210
711538453 38461538
615384608 38461538
99999991 230769210
130769219 230769210
192307690 38461538
222222220 166666665
315384587 230769210
715384551 230769210
161538447 230769210
865384605 38461538
7692307 230769210
576923070 38461538
753846086 230769210
423076885 230769210
384615380 38461538
361538429 230769210
722222215 166666665
499999994 38461538
523076876 230769210
84615377 230769210
230769228 38461538
769230760 38461538
484615341 230769210
673076915 38461538
15384614 230769210
538461490 230769210
69230763 230769210
446153806 230769210
199999982 230769210
138461526 230769210
19230769 38461538
584615332 230769210
384615350 230769210
746153779 230769210
123076912 230769210
561538411 230769210
346153815 230769210
53846149 230769210
207692289 230769210
376923043 230769210
115384605 230769210
323076894 230769210
246153824 230769210
630769174 230769210
788461529 38461538
826923067 38461538
307692280 230769210
576923025 230769210
615384560 230769210
333333330 166666665
223076903 230769210
499999995 166666665
166666665 166666665
676923016 230769210
692307630 230769210
76923070 230769210
942307681 38461538
365384611 38461538
469230727 230769210
415384578 230769210
249999997 38461538
442307687 38461538
661538402 230769210
169230754 230769210
369230736 230769210
507692262 230769210
634615377 38461538
553846104 230769210
738461472 230769210
730769165 230769210
884615374 38461538
276923052 230769210
392307657 230769210
407692271 230769210
666666660 166666665
692307684 38461538
611111105 166666665
723076858 230769210
0 230769210
453846113 230769210
499999955 230769210
269230745 230769210
777777770 166666665
388888885 166666665
23076921 230769210
115384614 38461538
134615383 38461538
76923076 38461538
326923073 38461538
730769222 38461538
923076912 38461538
55555555 166666665
557692301 38461538
749999991 38461538
699999937 230769210
480769225 38461538
253846131 230769210
430769192 230769210
61538456 230769210
30769228 230769210
353846122 230769210
0 166666665
761538393 230769210
153846140 230769210
569230718 230769210
519230763 38461538
211538459 38461538
92307684 230769210
288461535 38461538
307692304 38461538
38461538 38461538
299999973 230769210
403846149 38461538
