200
7539879 2674467
2337149 1312740
3648518 4329093
6423425 3022402
6324938 5429102
7228004 968527
7221398 1994312
4989319 7929807
5268842 3352488
539277 8326031
7424583 1002486
1007570 3656542
2951951 4549130
2375249 8187974
4635494 4644989
8269225 4392581
3665743 6798102
7738837 7384457
5756119 7885240
4645008 7986055
2667162 7068786
3405956 2989269
4017455 6738679
7826244 1545518
4115898 2432657
340092 760858
274844 4723718
4445137 1727992
7228927 4168340
1340841 2998557
2320986 5519513
7474310 2172472
5445426 8415164
6517204 7464281
6697178 7325924
2687274 6632758
5199047 130933
8046592 5662814
1707042 4732589
2328044 6169892
5211671 351634
6658028 3462795
7470062 4923782
8307580 2878951
7709394 1433591
6505245 3018476
2223528 1676678
7906776 4752873
6097416 168474
316966 5992203
2393558 3506055
4438992 2658453
7744136 5655756
6134625 4378659
5418483 6701845
6860344 6790883
2131906 6480308
5467962 2065887
4414139 1371638
7965137 7931179
4320565 5223556
4361442 2829063
4316200 3094996
3952357 7440384
6323351 2452703
7730170 806917
2409594 1476485
1946461 588843
1561853 6892695
5016423 7681249
6958703 6528618
3489042 1209962
7391815 715561
4120124 765299
7564892 2032174
3440753 6310041
232358 5512177
5488621 881237
6584875 6009548
5975566 7686259
4262440 6232480
840445 3123506
7455570 8095709
2268825 4609345
5473936 1445819
3707887 2628484
3660455 1789678
3254064 5177231
5799711 7250509
7084082 1353252
7243419 996157
2354838 2722734
1242493 4879537
3504348 2942331
425397 5619459
4130562 7306177
3962827 5807725
5548924 3679464
691352 3059728
3086414 8343321
5925678 4123999
2245677 6889928
1252405 6730935
2652842 5576425
3508563 4010408
7129667 4500990
4266108 3982209
7086206 1994826
6551614 5570108
522457 2563098
2246793 8342935
6674461 3978015
2954246 526416
7172722 1879702
598463 1250131
401767 5044859
2209788 4037428
391910 6359038
1986619 7675253
3561658 1030546
1386331 4184419
7550583 6512678
4780288 7364754
4517421 3853614
3754599 4526562
6410437 4539207
5991076 934697
1473512 8232799
4431397 54284
6064936 4418003
6910640 1774146
5638057 4358686
258262 7502165
6050681 3708499
4698779 6500054
4691195 1160450
1708480 2614303
7809694 504578
1006099 5526990
1665672 6974311
7336628 3236152
3364437 103281
1483939 4766354
7049157 176916
961748 388800
735276 4506622
2886189 1087330
993410 4875891
1985236 536306
7838065 6836480
2729213 6592921
2633277 5296088
1875455 6727931
5421432 5510589
7149125 1520173
6032029 622341
4148035 7192523
4645008 7986055
1833322 3840732
39888 7606779
4786573 5908828
160676 1801820
2258216 6767725
3423313 6671533
7570545 5303091
2854322 1016945
6424016 8174792
3119193 1573428
3961689 5438670
3139659 6170042
6095452 5953632
5354308 6249212
4604894 6833680
5095024 4179098
6424735 7115521
1097240 2255095
1649947 3813616
5080051 4528610
3066130 4768361
5768531 1551375
6619457 3452777
6543859 540897
5745426 5666000
5223695 5547529
1903749 2589344
2989912 7915370
1544595 4208359
1420129 6610672
3676867 7710232
7800567 2410969
4624254 3174627
4337297 3218412
6055079 1730748
2805635 7671972
7712923 3776010
8272367 1487543
1962796 4460285
2915461 7668282
1762626 689818
3858085 6880703
