200
13323 5519
18028 7468
15812 6549
10840 4490
19686 8153
11181 4631
17889 7410
10489 4344
6325 2620
19430 8048
16125 6679
22361 9262
16584 6869
13323 5519
9220 3819
14578 6038
18908 7832
19040 7886
12042 4988
17176 7114
18974 7859
18235 7553
2739 1134
19301 7994
19365 8022
7246 3001
15330 6350
20737 8589
15084 6247
7906 3275
21506 8908
15573 6450
19875 8232
7746 3209
14917 6179
17536 7264
10001 4142
6893 2854
21390 8859
17749 7351
19171 7940
21273 8811
8661 3587
15492 6417
18372 7609
12550 5199
5245 2172
20372 8438
16508 6838
4744 1965
21214 8787
15001 6213
11511 4768
10955 4537
14054 5821
14405 5967
8063 3339
3536 1465
21036 8713
19938 8258
21738 9003
20433 8464
12943 5361
10724 4442
20249 8387
17393 7204
9487 3930
21622 8956
5917 2450
10247 4245
18304 7581
22193 9192
8367 3466
21680 8980
17959 7438
11292 4677
13039 5401
22080 9145
13694 5671
17607 7293
15166 6282
14492 6002
6520 2700
18842 7804
17030 7054
20187 8362
14318 5931
18642 7721
16659 6900
13510 5595
15248 6316
16956 7024
22305 9239
16432 6806
15653 6483
19236 7967
20494 8489
12145 5031
16279 6743
18775 7777
19105 7914
4184 1733
15412 6383
5001 2071
20857 8639
22023 9122
19749 8180
21096 8737
21564 8932
21795 9028
17819 7381
20977 8688
8515 3527
9875 4090
19494 8075
21852 9052
16882 6993
18166 7525
11068 4585
18575 7693
21966 9099
20063 8310
12450 5157
15969 6615
21909 9075
17249 7144
5701 2362
11402 4723
5478 2268
20001 8284
12846 5320
17678 7323
18097 7496
15891 6582
20797 8614
4473 1852
20555 8514
21331 8836
7583 3141
21155 8762
9083 3763
11619 4813
12650 5239
2237 926
10607 4394
11727 4857
19812 8206
10125 4193
15733 6516
17465 7234
13602 5634
13229 5480
16734 6931
1582 655
20311 8412
14663 6074
18709 7749
10369 4294
8216 3403
13965 5784
20677 8564
8945 3705
6709 2778
16202 6711
9618 3984
20917 8664
12350 5115
22136 9169
13134 5441
14748 6109
8804 3646
16047 6647
6124 2537
3163 1310
13417 5557
17321 7174
16356 6775
13785 5709
22249 9216
18507 7666
19558 8101
7417 3072
9747 4038
18440 7637
14143 5858
12748 5280
16808 6962
11833 4901
20616 8539
9355 3874
14833 6144
17103 7084
20125 8336
19622 8127
21448 8884
11938 4944
13875 5747
7072 2929
14231 5894
3873 1605
