51
51
51
15
51
50
51
51
27
30
0
51
51
26
4
23
51
12
51
39
23
7
51
18
51
44
51
51
51
51
51
10
51
31
51
51
7
51
51
47
4
51
51
51
51
51
51
51
51
51
51
51
35
51
45
31
51
4
34
51
51
18
33
30
16
50
51
51
51
2
28
51
51
51
51
51
9
51
51
51
43
18
51
51
39
38
51
51
8
40
51
51
51
51
47
51
18
16
34
51
8
43
4
5
10
28
51
21
51
51
51
4
51
51
51
51
51
51
38
4
51
51
51
26
22
14
51
43
2
51
44
51
36
10
44
25
51
51
51
45
2
51
51
51
51
51
51
51
51
51
51
7
12
3
31
51
43
18
23
51
15
26
51
4
9
51
51
51
51
16
8
44
31
23
29
51
51
51
29
14
39
51
51
38
29
51
7
51
6
12
51
23
27
44
7
51
51
50
7
51
13
