200
2245677 6889928
598463 1250131
4624254 3174627
3504348 2942331
4320565 5223556
1340841 2998557
7826244 1545518
3754599 4526562
5638057 4358686
2209788 4037428
232358 5512177
2652842 5576425
4438992 2658453
4635494 4644989
1097240 2255095
4691195 1160450
6410437 4539207
1833322 3840732
4645008 7986055
4266108 3982209
2223528 1676678
3508563 4010408
1762626 689818
4115898 2432657
5488621 881237
7424583 1002486
2687274 6632758
7391815 715561
6505245 3018476
3086414 8343321
2131906 6480308
6543859 540897
6958703 6528618
691352 3059728
8269225 4392581
3066130 4768361
5991076 934697
3660455 1789678
3139659 6170042
7172722 1879702
3665743 6798102
3952357 7440384
2886189 1087330
2989912 7915370
4337297 3218412
7738837 7384457
2633277 5296088
274844 4723718
522457 2563098
5756119 7885240
7470062 4923782
1483939 4766354
1707042 4732589
6424016 8174792
4698779 6500054
5080051 4528610
3962827 5807725
3423313 6671533
6674461 3978015
6097416 168474
3561658 1030546
6910640 1774146
1985236 536306
5199047 130933
4017455 6738679
5418483 6701845
7129667 4500990
961748 388800
7455570 8095709
5211671 351634
840445 3123506
8272367 1487543
8046592 5662814
1665672 6974311
425397 5619459
7336628 3236152
401767 5044859
1561853 6892695
5925678 4123999
6323351 2452703
7049157 176916
3648518 4329093
7539879 2674467
1242493 4879537
7550583 6512678
4414139 1371638
4989319 7929807
5467962 2065887
993410 4875891
2375249 8187974
7149125 1520173
3961689 5438670
8359774 4037213
1544595 4208359
2854322 1016945
7906776 4752873
7221398 1994312
6055079 1730748
2954246 526416
6064936 4418003
5421432 5510589
5548924 3679464
391910 6359038
7800567 2410969
4780288 7364754
6584875 6009548
7086206 1994826
7712923 3776010
340092 760858
8307580 2878951
316966 5992203
6050681 3708499
539277 8326031
6658028 3462795
1962796 4460285
6134625 4378659
1649947 3813616
3489042 1209962
5745426 5666000
2915461 7668282
2393558 3506055
4316200 3094996
7570545 5303091
7965137 7931179
5095024 4179098
3254064 5177231
1473512 8232799
1420129 6610672
3858085 6880703
7474310 2172472
7709394 1433591
6517204 7464281
2951951 4549130
6423425 3022402
4431397 54284
6697178 7325924
2667162 7068786
2258216 6767725
1903749 2589344
5445426 8415164
1386331 4184419
2320986 5519513
6424735 7115521
6095452 5953632
2337149 1312740
7730170 806917
1252405 6730935
7243419 996157
7564892 2032174
6032029 622341
6860344 6790883
7809694 504578
1986619 7675253
3405956 2989269
6619457 3452777
1007570 3656542
160676 1801820
7228927 4168340
5223695 5547529
1946461 588843
4445137 1727992
1006099 5526990
5473936 1445819
7228004 968527
39888 7606779
3440753 6310041
5799711 7250509
5016423 7681249
5268842 3352488
7084082 1353252
3119193 1573428
6324938 5429102
2409594 1476485
4148035 7192523
5975566 7686259
7838065 6836480
2805635 7671972
4262440 6232480
3707887 2628484
2246793 8342935
2354838 2722734
4517421 3853614
7744136 5655756
2328044 6169892
5354308 6249212
4361442 2829063
6551614 5570108
2268825 4609345
1875455 6727931
735276 4506622
2729213 6592921
4786573 5908828
258262 7502165
4130562 7306177
1708480 2614303
5768531 1551375
3364437 103281
4604894 6833680
4120124 765299
3676867 7710232
