196
306 4170
2198 2589
147058815 19607842
715686233 19607842
230769228 230769228
49019605 19607842
692307684 230769228
1142 2206
4175 800
2908 1141
1017 2025
670 399
4165 20
110 858
4698 11
262 1323
1 3512
1893 1208
703 1048
893 542
420 3530
999 2678
1676 779
357 1220
710 1773
1141 3450
1850 253
1942 617
342 61
2666 1817
236 3944
2231 2424
175 2213
4474 239
1698 1599
881 1627
1324 1788
2245 1804
3306 1256
672 2129
306 4170
3526 662
244 592
4240 253
1339 2872
3201 1208
2099 334
3833 174
3760 741
756 3644
628 4131
4107 57
1860 2360
1650 2608
770 916
18 3287
2989 377
787 2741
1531 2157
500 512
212 13
399 947
1324 689
405 1765
2434 1181
183 2846
912 466
6 3340
1699 1549
2283 2709
1961 2398
2033 1431
573 2217
1791 1051
2200 1693
83 363
705 3432
2338 1212
2209 482
631 469
4165 114
3320 1001
2340 326
4466 238
3029 1649
2439 706
2534 226
1135 359
1728 1593
1708 758
36 2605
1354 1037
1258 2490
112 2612
1174 1513
72 2527
3232 1358
678 1778
4130 669
1029 1622
1838 831
3086 512
3853 368
609 325
4 1893
3345 1216
109 4458
354 3435
3256 377
980 319
144 390
651 2394
2230 1970
1795 1066
3717 42
1984 1565
735 3954
1433 2396
2023 256
1115 3315
682 1156
926 2247
2751 1227
33 562
162 2606
3830 1052
130 2153
3399 307
764 2885
608 1625
772 1724
284 1457
667 2662
1011 273
917 710
2246 1148
3399 1260
563 374
3483 1383
921 757
129 999
1863 2627
826 3558
437 3910
1264 673
27 4835
3551 1141
4160 372
1162 1411
2756 479
4857 86
2646 1538
534 166
1889 2649
4806 34
25 3910
1581 2909
3558 1228
4151 599
1262 2385
3724 238
1140 3208
658 3900
1157 3756
658 2676
268 3141
706 1940
1662 1671
2188 330
321 2518
770 4067
2530 61
817 3993
3266 137
1049 1846
1452 1529
1852 2199
58 432
2522 888
4652 261
493 3453
77 3407
4200 317
455 424
868 527
277 1930
1951 1152
3426 1051
2155 1104
414 1412
1723 50
1387 1933
1431 2114
312 1367
2100 78
581 4217
