30 30
XOXXXXOXOXOXOXOXOOXOXXOXOXOXOX
XOXXOOXOXOXOOOXOXXOXXOXXOXXOXO
OOOXOXXOXOXOOXOOXXOOXXOOOOXOOX
XOOOXOOXOXOXOXXOXOXOXOOXOXOXXX
OXXXOXXXXOXXOXOXOXOXXOOXXOXOOX
XXOOXOOXOXOOXOXOXOXOOOXOOXXOXO
OOOXOXXOXOXXOXOXXXOXOXXXOXOXOX
XOXOXOOXOXXOXOXXXOXOXOXOXOXOXO
OXOOXXOOXOXXOXOXOXOXXXOXOOOXXX
XOXXXOXOXOXOXOXOXOXOOOXOXOXOOO
OXOOOXOXOXOXOXOXOXOXXOXXOXXXOX
XX.OXOXOXOXOXXXOXOXOOXOOXOOXXO
OXOXXOOXOXXXOOOXOXOXOXOXOXOXOX
XOXOOXXOXOXOXOXOXOXOXOXOXOXOXO
OXOXOXOOOXOOOXOXOXXXOXXXOXOXOX
OXXOXXOOOXXOXOXOOOXOXOXOXOOOXO
XOOXOOOXOXOXOXOXXXOXXOOXXXOOOX
OXXOXOOXOOXOXOXOOOXOXOXOOXXOXO
XOOXXXXOOXOXOOOXOXOXOXXXOXOXOX
XOXOOOXXXOXOXOOXXOXXOXOOXOXOXX
OXOXOXOXOXOXXOXOOXOXXOXOOOOXOO
XOXOXOOXXXOOOXOOXXOOOXOXXOXXXX
OOXXOXOXOOXOXOXXOOXXOXXXOXOXOO
XOOOXOOXOXOXOXOOXOOXXOXOOXXOXO
XXOXOXOOXXXXOOXOXXOOOOOOXOXXXX
XOXOXOXOXOXOXXOXOOXOXXXXXOXOXO
OXOXOXOXOXOXOOOXXXOXOXOXOXXXOX
OXOOXOXOXOXOXOXOXOXOXOXOOOOXXO
XOXXOOXOXXOXOXOXXXOXOXOXOXXOOO
OXOOXOXOXOXOXOXOXOOOOXOOXOOXXX
295
11 3
11 2
11 1
12 1
13 1
14 1
15 1
15 2
15 3
16 3
17 3
18 3
19 3
20 3
20 2
20 1
21 1
22 1
23 1
24 1
24 2
25 2
26 2
27 2
27 3
27 4
26 4
26 3
25 3
25 4
25 5
26 5
27 5
28 5
29 5
29 4
30 4
30 5
30 6
30 7
30 8
30 9
30 10
29 10
28 10
28 9
27 9
27 10
27 11
28 11
29 11
30 11
30 12
29 12
29 13
30 13
30 14
29 14
29 15
30 15
30 16
30 17
30 18
29 18
29 19
29 20
29 21
29 22
29 23
28 23
28 24
29 24
30 24
30 25
30 26
29 26
28 26
27 26
27 25
26 25
26 26
26 27
26 28
27 28
27 29
28 29
28 30
27 30
26 30
25 30
24 30
24 29
23 29
23 28
24 28
24 27
23 27
23 26
22 26
22 27
21 27
21 28
21 29
20 29
19 29
19 30
18 30
17 30
16 30
15 30
15 29
14 29
14 30
13 30
12 30
11 30
10 30
9 30
8 30
7 30
6 30
5 30
5 29
4 29
3 29
3 30
2 30
1 30
1 29
1 28
2 28
2 27
1 27
1 26
1 25
1 24
1 23
1 22
2 22
2 23
3 23
3 22
4 22
4 21
4 20
4 19
3 19
3 18
4 18
4 17
4 16
5 16
5 17
5 18
6 18
6 17
6 16
7 16
7 15
7 14
7 13
8 13
8 12
7 12
6 12
6 13
5 13
5 14
6 14
6 15
5 15
4 15
3 15
3 14
2 14
2 15
2 16
2 17
1 17
1 16
1 15
1 14
1 13
1 12
1 11
2 11
2 10
1 10
1 9
2 9
2 8
1 8
1 7
1 6
2 6
3 6
3 5
3 4
3 3
2 3
2 2
2 1
3 1
4 1
4 2
5 2
5 1
6 1
7 1
8 1
8 2
9 2
9 1
10 1
10 2
10 3
9 3
8 3
8 4
7 4
6 4
6 5
5 5
5 4
4 4
4 5
4 6
5 6
6 6
7 6
7 5
8 5
8 6
9 6
10 6
10 5
11 5
11 6
12 6
12 5
12 4
13 4
13 3
13 2
14 2
14 3
14 4
15 4
16 4
17 4
18 4
19 4
20 4
21 4
21 3
21 2
22 2
22 3
22 4
23 4
24 4
24 5
23 5
22 5
22 6
21 6
21 7
20 7
20 6
19 6
18 6
18 5
17 5
16 5
15 5
15 6
15 7
14 7
14 8
13 8
13 7
12 7
12 8
11 8
11 7
10 7
10 8
10 9
11 9
12 9
13 9
14 9
15 9
15 10
15 11
16 11
16 12
17 12
18 12
19 12
19 13
20 13
20 12
21 12
21 11
21 10
20 10
20 11
19 11
18 11
17 11
17 10
18 10
19 10
19 9
20 9
21 9
22 9
23 9
23 8
23 7
23 6
24 6
25 6
26 6
27 6
28 6
28 7
28 8
27 8
26 8
26 9
26 10
26 11
26 12
25 12
25 13
26 13
27 13
27 12
28 12
28 13
28 14
28 15
27 15
27 16
28 16
28 17
28 18
27 18
27 19
28 19
28 20
28 21
28 22
27 22
27 23
26 23
25 23
24 23
24 24
23 24
23 25
22 25
21 25
20 25
20 26
20 27
20 28
19 28
18 28
18 29
17 29
16 29
16 28
15 28
15 27
15 26
14 26
14 27
13 27
13 28
13 29
12 29
11 29
11 28
10 28
9 28
8 28
7 28
7 29
6 29
6 28
6 27
7 27
7 26
7 25
8 25
8 26
8 27
9 27
10 27
10 26
11 26
11 25
10 25
9 25
9 24
8 24
7 24
6 24
6 23
6 22
7 22
7 21
7 20
6 20
5 20
5 19
6 19
7 19
7 18
8 18
8 19
9 19
9 18
9 17
9 16
9 15
8 15
8 14
9 14
10 14
10 13
10 12
11 12
11 13
12 13
12 12
12 11
11 11
10 11
10 10
11 10
12 10
13 10
14 10
14 11
14 12
13 12
13 13
14 13
15 13
16 13
17 13
18 13
18 14
18 15
19 15
19 16
19 17
20 17
21 17
22 17
22 16
23 16
24 16
24 17
24 18
25 18
25 19
26 19
26 20
27 20
27 21
26 21
25 21
24 21
24 22
23 22
23 21
23 20
22 20
21 20
21 19
20 19
20 18
19 18
19 19
18 19
18 18
17 18
16 18
16 19
17 19
17 20
18 20
18 21
19 21
19 22
18 22
18 23
17 23
17 24
18 24
19 24
19 25
19 26
19 27
18 27
17 27
17 26
16 26
16 25
15 25
14 25
14 24
15 24
16 24
16 23
16 22
15 22
15 21
16 21
16 20
15 20
14 20
14 19
13 19
13 20
13 21
14 21
14 22
14 23
13 23
13 24
13 25
13 26
12 26
12 25
12 24
11 24
10 24
10 23
10 22
9 22
9 23
8 23
8 22
8 21
8 20
9 20
10 20
11 20
12 20
12 19
11 19
10 19
10 18
10 17
10 16
10 15
11 15
12 15
13 15
14 15
14 14
15 14
16 14
17 14
17 15
17 16
16 16
16 15
15 15
15 16
15 17
15 18
14 18
14 17
14 16
13 16
12 16
12 17
13 17
13 18
12 18
11 18
11 17
11 16
