36 29
OOXOXOXOXOXOXOXOXOXOXOXOXOXOO
XXOXOXOOOXOXOXOXOXOXOOOXOXOXO
XOXOOXXOXOOOXOOOXXXOXXXOOXXXX
OXOOXOOXOXXXOXOXXXOXOXOXXOXXO
XOXOXOOOOOXOXXXOOXXOOOXOXOXOO
OXOXOXOXOXOXXOXOXOXOXOXXOXOXX
XOXOOXOXXOXOOXXXOXOOXXXOXOXOX
XXOXXOXOOXXXOOXOOOOOXXOXOOXXO
XOXOOXOXOOXOXXOXOOXXOOXOXOXXX
OOOXXOXOXXXXOOXOOXOOXXXXOXXOO
XXXOOXOXOOOXOXOXXOXXOO.OXOOOX
OXXXOXOOXOXOXOXXOXOXXXOXOXOXO
OOXOXOXXOXOXOXOOXOXXOOXXOOXOO
OOXXOXOOXXXOXXXOOOOXOXXOXXOXX
OXXOXOXOOXOXOXOOXOOXXOXOXXXOX
XOOOOXOXOOXOOOXOXXOOXXOXOXOXO
XOXOXOXOOOXXOXOXOOXXXOXOXXXOX
OOXXOXOXXOXOXOOOXOOXXOOXOXXXO
XOXXXOXOXXOXOXOXXOXOXOXOOOOXX
OXOOOXOXOXXOXOXXOOOXOXOXOXXOO
XOXXXXXOXOOOXXOOOXXOXOXOXOXXX
OXOXOOOXXXOXOXXXOOOXOXXXOOOXO
XOXOOXXOXOXOOOXXXOXOOOXOXOOOX
OXOXOOOXOOXXOXOXOXOXXOXXOXOXO
XOXOXXOOXXXOXOXOXOOXOXOOXXXOX
XXOXOXOXXXOOXOXXOOXOXOXXOOOXO
OOXOXXXOXOOOOXXOXOXXOXXOXOOXX
OXOXXXXOOXXXOOOXOXOXOXXOXXOOO
OXXXXOOOXOXOXXOOXOXOOXOXOXXOX
XOOXOXXOOOXOOXOXOXOXOXXOXOXXO
XOOXXOXOXOOOXOXOXOXOOOXXOOOOX
XOXOOXXXOXXXOXOXXXXXOXOOXOOXO
OXXXXXXOXXOOXOXOOOXOOOXOXOXOX
XOOXOXOOXOOXXXOXOOXXOXOXXOXXO
OXXOXOXOXOXOXOXXXOXOXOXOOXOOX
XXOXOXOXOXOXXOOXOXOXOXOXOXOXX
310
12 23
12 24
11 24
10 24
10 25
9 25
9 26
10 26
11 26
11 25
12 25
12 26
12 27
13 27
13 26
14 26
14 27
14 28
13 28
12 28
11 28
11 29
10 29
9 29
8 29
7 29
7 28
6 28
5 28
4 28
4 29
3 29
2 29
2 28
1 28
1 27
1 26
2 26
2 25
1 25
1 24
2 24
3 24
4 24
4 23
3 23
2 23
1 23
1 22
1 21
2 21
3 21
3 20
2 20
1 20
1 19
1 18
1 17
1 16
2 16
2 15
1 15
1 14
2 14
2 13
2 12
1 12
1 11
1 10
2 10
2 9
1 9
1 8
1 7
1 6
1 5
1 4
1 3
1 2
2 2
3 2
3 1
4 1
5 1
5 2
6 2
6 1
7 1
7 2
8 2
8 3
9 3
9 2
9 1
10 1
11 1
12 1
12 2
13 2
13 3
13 4
14 4
14 5
14 6
15 6
15 5
15 4
15 3
16 3
17 3
17 2
17 1
18 1
19 1
20 1
21 1
22 1
23 1
24 1
25 1
25 2
24 2
24 3
25 3
26 3
26 2
27 2
27 3
28 3
29 3
30 3
30 4
30 5
30 6
31 6
31 5
32 5
33 5
34 5
35 5
35 4
34 4
34 3
35 3
36 3
36 4
36 5
36 6
36 7
36 8
36 9
36 10
36 11
36 12
35 12
35 13
35 14
35 15
36 15
36 16
36 17
36 18
36 19
36 20
36 21
36 22
36 23
36 24
36 25
36 26
36 27
36 28
35 28
35 29
34 29
33 29
32 29
31 29
30 29
29 29
28 29
27 29
26 29
25 29
24 29
23 29
22 29
21 29
20 29
19 29
18 29
18 28
17 28
16 28
16 29
15 29
15 28
15 27
16 27
16 26
16 25
17 25
17 24
16 24
15 24
15 23
16 23
16 22
17 22
17 23
18 23
19 23
19 22
19 21
20 21
21 21
21 20
21 19
22 19
23 19
23 18
23 17
22 17
22 16
21 16
20 16
20 17
19 17
19 18
19 19
20 19
20 20
19 20
18 20
18 19
17 19
17 18
16 18
15 18
15 17
14 17
13 17
13 16
12 16
12 17
12 18
11 18
11 17
10 17
10 18
10 19
11 19
12 19
13 19
14 19
14 20
14 21
15 21
15 22
14 22
13 22
12 22
11 22
10 22
9 22
8 22
8 23
9 23
9 24
8 24
8 25
7 25
7 24
6 24
6 25
6 26
7 26
7 27
6 27
5 27
5 26
5 25
5 24
5 23
5 22
4 22
4 21
4 20
5 20
5 19
4 19
3 19
2 19
2 18
2 17
3 17
3 16
4 16
5 16
5 15
4 15
4 14
3 14
3 13
3 12
4 12
4 13
5 13
5 12
5 11
5 10
6 10
6 11
7 11
7 12
8 12
8 13
9 13
10 13
10 12
9 12
9 11
9 10
8 10
7 10
7 9
6 9
6 8
5 8
4 8
4 9
4 10
3 10
3 9
3 8
3 7
2 7
2 6
2 5
2 4
2 3
3 3
4 3
5 3
5 4
5 5
5 6
6 6
6 5
6 4
6 3
7 3
7 4
8 4
9 4
10 4
10 3
11 3
11 4
12 4
12 5
13 5
13 6
12 6
12 7
13 7
14 7
15 7
15 8
16 8
17 8
18 8
18 7
19 7
19 8
20 8
21 8
21 9
20 9
20 10
21 10
22 10
22 11
22 12
21 12
21 13
22 13
22 14
23 14
23 15
24 15
24 14
24 13
24 12
23 12
23 11
23 10
23 9
24 9
25 9
25 8
24 8
24 7
23 7
23 8
22 8
22 7
21 7
20 7
20 6
19 6
18 6
17 6
17 5
17 4
18 4
18 5
19 5
20 5
21 5
22 5
22 4
22 3
21 3
20 3
19 3
19 2
20 2
21 2
22 2
23 2
23 3
23 4
24 4
24 5
25 5
25 4
26 4
27 4
27 5
26 5
26 6
26 7
26 8
27 8
27 9
28 9
29 9
30 9
31 9
31 10
32 10
32 9
32 8
33 8
33 7
34 7
34 6
35 6
35 7
35 8
35 9
35 10
35 11
34 11
34 12
33 12
33 13
32 13
32 12
31 12
31 13
31 14
32 14
33 14
34 14
34 15
34 16
34 17
35 17
35 18
35 19
35 20
34 20
34 21
35 21
35 22
34 22
33 22
32 22
32 21
32 20
33 20
33 19
33 18
32 18
31 18
30 18
29 18
29 17
30 17
30 16
29 16
28 16
28 15
27 15
27 16
26 16
26 17
27 17
28 17
28 18
28 19
28 20
29 20
29 19
30 19
31 19
31 20
30 20
30 21
30 22
31 22
31 23
32 23
33 23
34 23
35 23
35 24
34 24
33 24
33 25
33 26
33 27
32 27
32 28
31 28
30 28
29 28
29 27
28 27
28 26
27 26
27 25
27 24
26 24
26 25
25 25
25 24
24 24
24 25
24 26
24 27
25 27
26 27
26 28
25 28
24 28
23 28
22 28
22 27
21 27
21 26
21 25
20 25
20 26
19 26
18 26
18 25
18 24
19 24
20 24
20 23
20 22
21 22
21 23
21 24
22 24
22 25
23 25
23 24
23 23
23 22
22 22
22 21
22 20
23 20
24 20
24 19
24 18
25 18
25 17
24 17
24 16
25 16
25 15
25 14
25 13
25 12
25 11
26 11
26 10
27 10
28 10
29 10
29 11
29 12
28 12
28 13
29 13
30 13
30 14
30 15
31 15
32 15
33 15
33 16
32 16
31 16
31 17
