500
66 317 340954
289 149 494002
465 424 605880
395 87 333760
430 70 276190
155 175 362622
439 397 932466
207 196 713594
27 288 839447
111 475 661780
328 412 478899
357 24 255383
71 222 593979
446 494 23067
442 86 796062
168 55 799346
453 342 383431
184 373 292731
368 36 751273
383 267 551675
476 23 552829
98 247 152356
492 463 155594
321 319 920184
201 145 383306
233 300 153544
497 272 926104
154 490 238027
232 384 369172
30 327 105906
384 388 340270
310 387 970718
99 174 287115
151 70 272721
241 468 933093
338 302 468180
452 74 647138
192 136 257395
418 74 356870
203 435 110054
220 162 583002
459 298 764766
107 207 979977
19 173 951664
26 451 65843
313 74 974287
458 82 875024
199 284 358388
302 471 86582
432 247 401163
102 231 31043
188 378 73413
239 171 654103
490 59 594799
415 77 682832
193 155 266080
171 497 715020
413 274 288893
46 64 843235
385 488 301975
6 195 845060
481 415 594346
144 442 912232
249 20 136773
282 188 584393
311 41 356756
132 93 966413
301 58 916714
390 185 592014
267 248 82198
486 167 802999
145 191 556379
283 138 273896
139 242 157306
272 47 725517
10 259 653571
394 217 781233
335 46 737073
307 414 675671
284 303 113504
121 199 994151
53 103 36079
464 124 777014
5 67 834869
140 103 157943
260 59 30035
56 266 826221
319 364 650161
175 194 80460
337 275 802944
109 421 656550
9 333 62769
291 480 48166
271 465 880442
259 144 37772
292 255 87752
15 490 307120
49 419 903853
348 88 504291
470 334 498396
344 405 267294
392 452 960697
263 54 32683
434 170 151130
469 327 954003
120 166 78788
83 495 691584
296 155 567274
325 43 795005
347 470 925375
424 461 737596
37 290 907483
342 445 694981
273 202 154510
489 117 724524
252 100 530484
206 332 7207
274 277 318401
62 179 42401
147 252 510898
182 382 927812
412 26 264166
366 73 853795
408 372 324494
32 44 835226
411 329 750967
54 450 845748
450 276 609860
16 101 28730
381 458 489713
397 315 463840
114 383 970543
202 321 889848
435 282 340518
51 224 618286
288 122 682745
349 19 218255
363 375 992946
148 62 950149
461 184 873007
440 213 730120
245 312 477270
417 210 482222
69 278 339189
41 51 326521
133 152 832859
211 463 854897
31 393 644542
483 57 914946
55 39 73107
149 133 3039
169 323 336482
205 401 591404
425 285 845431
253 482 983708
421 229 967436
18 211 113765
298 437 83782
438 391 517070
391 240 732090
136 484 531995
50 60 683574
231 377 800083
324 255 229689
103 141 310705
186 55 436366
106 240 572526
265 52 653176
269 177 255261
240 21 762641
219 37 271088
48 205 502133
194 63 999054
44 158 747254
268 453 895665
126 165 534411
356 90 460280
340 1 912191
74 449 815126
33 146 953822
404 479 358313
77 31 27923
254 431 164148
235 232 984152
358 237 902995
89 206 223092
95 411 988445
336 483 940542
3 8 110814
474 182 389845
92 4 128681
25 395 496699
137 328 35389
8 5 706477
12 225 690740
275 132 867437
150 68 305862
162 44 284336
196 470 713280
293 426 861839
471 200 751022
352 432 783466
250 142 428942
467 293 170395
90 326 487927
339 453 739497
422 186 668887
403 75 285111
370 164 417411
165 17 543266
389 459 523199
224 407 447121
104 351 175398
181 269 315244
113 408 291370
445 370 901848
400 139 518610
485 456 134388
472 159 722196
414 413 448439
278 15 203901
210 320 166226
447 385 38733
221 353 611587
152 405 191205
47 376 326576
443 258 840778
223 60 943123
86 374 378105
294 108 29028
222 257 736196
372 443 632927
29 335 807733
500 35 640612
374 289 47460
128 338 537972
204 228 590114
433 339 963976
212 360 142456
316 89 749608
243 325 858286
4 78 47211
354 304 606971
315 50 305364
187 141 190267
236 60 497477
393 204 221107
477 96 754517
475 358 595447
323 311 536263
200 398 303907
262 455 287303
118 448 660788
322 18 103085
495 264 219270
84 244 710588
183 217 718343
242 369 998556
369 415 180220
375 357 38494
478 428 602638
406 234 693959
163 77 266925
176 306 61955
209 60 234737
108 460 274587
276 292 872093
81 94 264812
58 160 440862
42 16 760429
299 153 337593
493 94 211413
197 472 397198
286 138 643541
398 246 613042
244 318 739699
116 61 127622
82 487 662259
23 130 113332
57 83 577436
399 429 28453
454 272 262333
426 201 444746
498 274 345435
85 164 234507
410 266 49987
444 216 951111
429 42 216705
97 294 981299
365 340 862241
460 126 337983
227 109 355499
303 212 85633
146 157 175880
28 307 347070
258 214 859129
160 404 134930
79 351 652993
101 120 249194
428 238 467595
45 349 860091
141 348 259928
449 363 697312
405 7 713659
190 133 389661
213 475 115468
234 65 313020
378 25 386544
156 99 874277
179 30 937004
14 295 483227
482 452 952963
72 55 875413
329 354 488174
237 239 643138
423 271 681072
362 63 86737
157 356 458179
153 279 857373
129 181 59507
334 367 455081
143 400 57237
127 352 191256
371 493 281513
297 245 171380
94 178 696730
7 71 335447
279 32 229221
91 300 767130
39 265 584983
364 380 995558
20 102 379445
487 293 735973
488 477 931679
185 34 1450
333 441 488380
40 422 911730
177 13 795346
229 2 129202
327 457 867219
60 198 856081
441 234 475836
480 361 131604
264 128 401886
226 196 80706
290 328 636235
351 203 46518
158 12 625734
388 227 139495
167 325 710640
112 182 476775
499 246 378233
379 147 499087
287 373 54944
68 359 66362
142 464 763491
59 330 287044
174 427 168733
88 396 340567
331 133 606716
360 417 213946
208 127 345269
353 429 521028
448 235 778095
314 275 49770
214 79 926397
63 6 822987
117 78 149120
216 192 68271
64 61 103874
281 55 114069
130 409 860936
479 316 865589
67 486 739007
361 29 820050
386 317 685711
300 172 186721
484 121 56796
13 48 175555
377 11 804285
36 300 203407
330 250 968038
280 368 603723
437 28 923283
135 440 148700
462 131 687916
38 440 372413
494 197 457599
295 462 588586
261 18 548418
257 221 588697
122 368 530167
402 390 161876
304 434 752707
172 474 164759
73 148 812688
76 42 256304
159 308 867941
87 140 442385
436 379 638548
93 241 955606
78 129 9402
401 151 125217
11 130 263351
308 219 719968
350 279 811498
416 478 944879
457 346 549968
115 436 52606
341 377 681410
119 351 638244
463 216 106593
218 490 8388
346 254 298676
431 10 487876
105 189 11475
180 87 246140
387 488 702085
2 365 457603
343 114 103219
246 403 895196
1 80 817380
225 291 518500
21 419 556580
248 123 730683
466 98 912290
198 438 572110
373 35 534751
22 278 798729
215 115 910018
270 239 688772
123 193 195201
189 322 673027
419 489 43917
170 22 113727
195 27 925138
43 389 958405
161 113 120519
217 385 630045
318 134 109347
376 125 44631
17 56 380298
238 189 239129
359 450 558523
173 433 989182
456 183 485571
166 416 446133
396 215 804244
407 118 674473
306 333 219174
420 256 67069
380 262 85763
332 446 510152
228 493 617370
473 351 763373
255 176 425631
309 330 581833
80 386 45463
496 285 599489
35 58 119752
52 286 578296
125 156 519162
191 33 17235
285 55 371379
382 226 688375
138 314 738156
320 349 471680
61 14 371317
178 169 774802
326 271 836846
451 161 492335
491 315 725456
256 483 739471
409 110 806280
65 273 856647
134 143 872940
124 422 671520
305 297 654199
100 305 925131
251 458 744652
312 249 897680
427 153 59348
277 485 643475
345 397 858130
131 3 537129
96 68 921717
266 420 896401
34 244 916717
110 127 746566
230 158 267190
247 402 90433
75 366 606615
24 251 814929
70 97 893131
468 439 345554
455 343 329964
367 253 371689
317 95 869593
355 490 335045
