800
176 374 415910
438 274 309786
616 301 744114
231 424 79148
526 763 494426
368 267 903412
608 430 966671
312 79 190951
736 598 610705
205 31 103695
346 313 993571
93 335 808064
235 81 347514
666 247 967137
723 249 94703
691 171 206774
107 43 504993
754 383 553520
375 740 28480
374 124 476797
363 132 342744
332 87 769708
489 131 174021
450 153 961581
383 318 973990
86 330 695328
190 159 619991
348 601 561845
579 338 562785
305 392 140116
665 405 67492
437 309 404033
639 102 476628
48 261 815519
439 528 110313
127 587 21576
419 115 367925
631 618 15875
344 742 685804
118 298 471632
179 41 977940
328 550 230741
557 34 886593
612 538 959827
632 120 733962
609 687 39078
542 559 634041
586 584 232871
233 343 405260
384 535 972108
536 133 139006
181 382 530715
172 91 667893
447 32 137628
212 682 820908
725 457 871908
662 414 642461
420 260 992882
252 100 578901
675 689 869734
357 187 459661
224 420 568508
161 4 88708
650 248 15661
269 756 903701
499 658 140092
398 81 812756
27 679 240156
320 564 100820
256 546 732389
241 39 20533
478 427 869023
713 5 984461
229 45 504038
504 284 893393
629 291 460754
422 321 183093
502 109 725754
121 148 10576
123 71 600742
154 674 106540
409 747 667601
274 325 339364
735 685 968572
680 194 259157
531 496 137224
105 394 573156
324 700 162827
164 326 736559
763 150 171930
261 243 796672
131 56 725329
128 137 782852
660 349 665690
18 459 860316
141 160 760064
556 527 53901
187 703 127130
236 698 698782
555 639 5783
298 761 110133
552 308 673738
792 778 619675
116 438 628164
115 623 40902
760 742 134633
476 669 804208
242 422 760761
33 582 114573
498 66 179705
637 35 222129
685 722 655360
622 647 215390
30 99 865465
575 663 74821
234 3 192620
38 176 375627
87 17 765278
517 218 718469
80 787 546501
524 619 544614
265 80 180714
733 484 584138
732 489 64573
160 665 391589
590 169 246286
627 588 816725
648 509 51239
159 295 316027
641 29 912340
423 278 283181
779 619 278542
513 223 71833
57 632 13145
449 179 232697
562 712 527440
271 317 586799
421 246 58836
15 225 363402
28 442 418295
747 271 991630
755 785 875812
563 688 965241
71 48 908114
64 518 431439
672 488 260007
286 517 895645
728 422 8897
644 532 520870
283 288 384599
463 555 106194
565 477 778902
134 665 858983
177 351 42073
405 354 573662
144 175 199743
582 604 969437
372 139 464647
791 195 986359
656 445 306394
729 189 250238
516 475 245274
58 67 948195
694 365 115664
769 739 861546
62 672 893619
63 541 308581
459 196 133533
566 612 503318
545 240 960821
338 751 577316
461 460 591148
152 613 121002
263 457 286562
314 536 546645
544 379 11627
143 556 291433
669 519 682978
321 33 566462
604 624 712565
584 167 906608
113 389 601066
331 328 405727
497 207 589849
186 5 727497
692 715 233103
785 49 392619
493 612 785768
239 763 603523
523 798 748574
572 561 607455
522 44 795639
325 786 22712
750 605 250651
667 632 952664
668 795 623496
600 328 207531
495 448 339847
794 273 716115
225 30 936809
228 764 349887
22 387 928485
302 59 147574
300 39 578905
634 347 57581
766 711 419434
592 345 254035
693 501 555217
376 182 642461
593 627 350434
607 244 841263
778 559 755373
511 198 973941
44 732 876782
97 95 659696
208 365 692675
333 141 936153
541 702 81057
36 583 812383
365 40 418716
370 735 858690
734 766 320700
381 489 289959
122 97 684842
390 634 116672
182 599 584735
635 428 174572
291 63 891016
413 115 220201
746 548 104480
378 337 321960
606 257 209450
356 75 845922
327 346 307030
293 197 95841
100 797 970699
352 613 250535
564 461 165605
525 125 93491
630 575 785278
457 334 982062
587 364 699130
380 211 153775
724 290 169935
68 91 318795
392 281 447536
737 85 3122
462 23 247947
633 254 646751
682 251 526662
466 660 473723
761 534 241439
70 161 23923
752 558 937333
240 304 186358
403 226 902957
501 302 850819
311 402 332424
155 435 572936
473 593 302451
640 774 443018
248 128 953649
170 140 952757
793 293 496870
744 729 349283
496 798 276907
782 756 981835
303 473 524911
279 710 192162
266 789 281498
366 621 937465
790 544 361673
594 297 211348
418 516 800421
764 266 107539
774 511 598774
207 411 466827
217 617 58525
126 591 430209
367 650 831793
323 329 635488
718 755 617384
441 424 378001
643 315 378252
12 343 849963
192 17 594135
597 410 6106
140 86 766503
4 635 644199
417 296 757069
611 98 14829
580 662 548362
342 516 818658
250 769 629935
671 164 782522
257 357 858634
162 702 865546
514 698 812634
168 668 638661
79 279 338844
474 2 197096
17 322 477362
598 507 215835
515 89 316522
577 304 763187
749 716 950069
710 324 755881
642 109 298121
400 794 536766
469 569 343171
583 596 302297
494 69 250879
220 731 799075
2 600 724057
540 576 370422
756 159 100966
546 356 353395
402 648 382703
775 90 894604
410 395 147423
157 140 238545
276 751 693326
436 580 416200
119 412 91224
430 118 625047
273 734 819240
689 608 413364
429 728 41816
393 377 911832
690 481 858458
711 338 378669
697 79 760275
486 737 935632
585 643 652389
482 127 59373
408 752 231705
227 482 609138
389 116 394540
306 714 315030
189 628 968639
37 696 887290
678 434 510860
25 782 583420
720 668 862097
772 66 263417
112 785 618315
708 142 531054
657 69 833923
615 207 412845
569 776 47336
427 236 320296
180 270 851151
137 510 491023
101 393 519460
88 210 78801
307 297 107633
206 28 556189
67 144 733888
282 36 452863
69 518 524677
605 505 157996
270 232 351665
322 444 24204
773 578 885005
507 369 331343
200 329 727291
55 616 499853
753 532 983452
614 576 558275
538 503 960417
595 26 871731
620 533 635850
701 688 580715
315 83 986109
13 366 572234
589 780 738226
316 384 675076
619 308 73762
664 736 472945
317 686 102974
202 92 449573
111 581 883028
722 360 55021
238 517 346686
24 695 804989
230 610 659488
432 246 910839
221 96 84796
3 603 801420
82 631 895553
310 358 388102
23 443 288874
443 165 651137
759 536 431589
655 368 472248
1 215 676381
448 105 877835
553 619 364820
717 181 660120
676 723 14725
373 12 550472
59 472 621927
178 350 91997
364 54 424525
618 94 753598
738 186 48048
167 110 856665
313 466 858199
136 454 505935
35 61 25045
788 248 952517
106 546 901174
98 302 515421
147 605 492790
706 334 166369
326 88 302393
688 252 829093
292 681 763954
85 641 841449
548 680 171392
245 640 52521
568 546 312416
465 349 390099
411 427 898961
209 155 897557
354 655 358627
247 78 66403
73 295 852803
6 302 555674
355 89 556779
762 620 550651
382 719 412163
258 724 712192
278 459 698421
351 502 569123
414 97 555744
267 498 877219
487 287 784857
440 781 913849
361 55 813186
483 303 529344
47 545 916406
219 358 809930
309 347 68466
503 436 16055
148 332 928129
297 233 688980
748 107 950834
199 760 142241
796 178 208100
66 72 113934
550 704 496822
284 607 3611
183 259 930004
42 67 648174
341 498 682804
475 421 665016
781 289 727458
652 407 285808
94 163 927131
726 392 845358
345 778 457756
45 150 719066
56 653 940591
281 609 297902
535 77 769476
451 500 722962
195 564 945763
591 547 9387
193 766 393631
110 463 944875
537 727 601519
81 515 733767
573 676 310296
509 475 657856
456 640 913608
506 480 942162
103 184 451229
467 602 122333
188 204 124347
275 699 555080
109 257 117230
603 590 759862
104 299 130316
26 468 587481
444 433 538754
663 595 766182
329 52 865279
742 589 657249
251 323 432115
296 527 534402
453 423 577228
232 743 729531
255 790 29558
460 126 472019
567 268 962215
360 214 390455
216 311 213997
166 398 640453
20 675 442408
623 717 196922
539 527 329283
549 571 288194
138 603 338323
649 723 207690
677 367 859906
204 477 652821
452 136 732499
146 188 399901
334 114 231430
624 773 263764
797 42 218060
776 708 446689
730 124 235657
142 130 944738
596 234 339964
571 439 594578
8 25 817203
588 545 761419
798 221 6148
554 606 57676
527 65 177107
60 206 705838
90 82 554487
454 726 214359
253 566 758606
287 677 302300
767 345 476251
299 575 419327
654 797 707217
343 447 169775
319 574 817395
350 101 327943
174 760 296784
214 286 234804
770 38 568112
132 791 912862
415 38 502321
712 132 438732
150 570 627312
528 383 736703
521 46 629079
237 445 475970
349 724 504048
399 126 929726
339 14 942779
646 209 411993
780 476 104211
196 779 302146
455 678 316583
661 176 913043
9 738 508784
727 370 296009
185 758 339801
698 753 435467
709 785 156861
318 725 886812
264 771 219538
388 535 42964
272 595 738288
647 218 406574
135 670 472011
280 418 631179
213 60 348826
211 285 589419
75 283 152891
50 372 47390
470 527 155703
222 592 294282
519 371 968007
425 307 858736
120 793 469461
681 462 187480
510 537 799254
194 643 309496
51 298 78946
83 2 747579
149 414 449180
335 226 530881
645 178 797721
472 123 791820
479 741 732175
765 566 645466
76 291 15851
679 209 789051
561 372 235125
695 103 993407
362 593 69217
789 446 949799
336 633 434579
43 429 395573
628 333 962321
14 20 383586
687 413 929947
716 671 745481
95 487 14927
78 495 238863
396 255 751786
197 292 512153
445 57 57126
130 500 566655
520 26 107049
41 37 576436
358 13 786692
308 602 804599
601 783 208704
621 146 611363
702 156 83107
471 507 62126
108 62 434718
260 664 734991
617 731 571136
731 111 829849
530 452 537399
268 388 517750
32 22 59521
674 166 501873
386 404 662681
412 666 593266
458 557 732864
464 506 823281
371 361 367349
560 519 836209
686 620 272205
705 179 512820
7 250 695343
288 423 137828
210 327 352675
559 396 135965
337 351 593202
638 13 215947
39 748 524334
480 425 718644
139 404 759966
249 678 70642
581 119 383742
543 445 937768
783 390 209246
171 683 998221
532 15 571621
31 651 429256
743 572 14132
401 29 239122
65 216 540911
446 610 67582
485 213 195016
369 353 411433
404 108 167303
129 798 841538
285 335 175664
397 512 604441
74 755 52137
703 456 314118
52 563 142136
492 707 431220
529 363 842831
700 104 173607
658 637 393801
468 781 194942
739 174 321781
96 676 55544
758 265 191718
570 1 476676
165 652 314584
653 486 825730
99 557 235674
670 759 542695
153 178 773706
173 128 403537
771 376 810897
92 64 5628
254 522 834337
125 771 231452
715 303 221915
379 733 217261
395 765 843239
223 101 920892
359 191 714037
163 11 192033
533 121 993868
651 168 433982
431 614 533877
377 348 307638
226 212 487
84 617 576253
488 153 571868
787 24 510458
406 541 619438
704 431 561868
558 530 559523
442 7 861802
491 683 460572
394 469 517681
54 8 908448
574 526 742679
602 351 833244
484 800 827429
246 490 260538
11 745 753092
262 186 819870
407 319 207338
741 127 165910
49 586 524397
547 499 168464
29 684 354740
16 55 988387
151 217 606490
114 228 670143
799 571 570691
10 746 881141
133 525 550826
800 415 558086
714 775 779068
500 241 786692
124 408 180602
435 705 939640
505 441 420876
156 275 183976
304 485 84239
599 172 71767
610 691 366823
578 185 45000
795 27 473512
198 224 834223
784 168 516914
426 67 348724
91 674 416019
158 534 540549
89 31 978070
740 531 207388
576 391 619852
277 175 740447
508 257 115192
777 434 548643
490 21 541175
290 161 221747
551 710 844091
696 799 614431
215 92 112915
534 568 624420
707 750 397891
684 567 933386
301 670 7624
330 692 693396
175 464 99786
46 125 325893
244 543 716710
481 744 332026
201 400 662348
72 794 632061
699 339 424939
117 592 228835
745 336 854085
636 330 965449
434 9 557361
424 284 590140
184 291 909231
683 409 31522
757 730 810716
218 673 389443
5 690 814453
34 211 347431
673 397 910946
768 739 108118
169 170 73939
340 183 279386
191 318 188402
477 497 875135
289 180 756008
786 208 868587
625 453 597759
243 718 979704
433 143 429379
145 597 211960
259 697 988564
294 42 705966
387 597 836496
53 105 308061
416 624 415521
102 306 987890
295 529 880622
203 482 102693
428 746 366049
353 482 760612
719 740 948066
721 222 773355
19 490 804521
613 707 324670
391 219 955856
21 113 570179
659 379 539990
626 596 698096
512 282 159199
518 721 460932
40 352 966128
347 611 650513
385 206 577490
77 716 316068
751 151 221509
