100
37 100 780221
94 57 900656
34 88 746295
56 70 194539
69 81 302731
24 19 30078
30 79 675438
64 20 526878
57 42 714123
62 14 392523
14 87 466839
93 89 848479
9 89 101201
31 56 957183
32 28 664332
55 43 185369
76 8 158043
53 43 662058
83 72 264662
66 97 918904
16 31 687848
82 96 357084
21 66 607997
49 67 506685
65 51 773616
47 21 195156
38 80 20708
8 62 267436
91 92 687258
15 57 788553
61 95 52179
7 84 759825
100 39 25056
48 34 311767
51 86 630900
72 29 460484
78 3 471895
41 2 191446
27 70 399317
85 30 358474
5 13 626829
25 40 904577
84 91 610131
59 41 342606
77 76 307581
98 68 60692
88 65 307465
90 78 823382
67 17 732470
12 13 864300
81 12 677907
46 6 661556
58 31 737312
50 54 934021
97 22 849528
36 35 94852
63 73 660154
54 19 953162
13 90 646257
96 59 739829
92 25 477679
43 64 259621
89 6 935458
22 43 746033
86 83 970477
33 81 305708
26 92 324190
10 7 55651
20 38 35479
74 48 698828
4 47 239356
28 74 406611
45 69 526338
80 11 540210
87 4 397426
99 38 474391
60 27 311144
23 61 398639
71 1 72412
52 23 683484
29 37 101558
17 76 785968
11 94 455360
3 71 969292
75 50 467448
1 93 12262
6 85 988577
18 45 297847
42 75 87456
40 18 728112
73 36 760081
39 16 633463
95 63 854709
35 96 297451
68 67 868534
44 95 615923
79 68 701367
19 32 284392
70 23 957877
