600
562 570 537765
293 368 848468
447 587 994040
434 225 300180
493 206 104161
379 375 392863
333 342 586776
382 89 629962
104 272 597533
164 294 721013
121 283 286438
205 566 876155
108 328 826811
36 584 791195
212 3 963523
400 160 515133
242 298 968191
566 542 969629
526 271 386009
471 237 908201
279 533 403476
111 179 266600
585 98 190060
194 560 781312
241 302 516822
151 312 428486
24 115 926338
206 233 778219
520 321 833134
405 15 364285
141 317 867448
150 111 704819
91 446 954747
573 386 774449
71 492 613940
528 539 446538
149 222 622656
437 374 513248
112 396 657275
270 291 284935
25 248 297019
398 499 991321
564 435 699667
5 314 797720
530 552 683870
63 393 620728
277 497 424711
561 513 200621
506 589 29905
463 400 345959
432 384 911358
166 534 665213
95 187 337543
114 468 861284
274 398 19605
218 384 15142
143 257 919429
86 369 796597
231 551 26150
67 378 224642
586 17 725713
302 173 290868
331 193 922090
48 503 144933
541 42 686731
388 364 234667
65 372 544530
221 20 399165
167 301 161530
44 155 531612
243 375 391407
182 83 266686
456 101 365798
183 404 879228
436 231 845070
499 434 906370
458 85 18636
391 455 257694
33 243 343032
96 415 363582
560 340 679920
552 128 648825
316 441 6625
273 87 34366
392 258 433240
294 125 445270
178 227 824069
127 450 882593
516 123 328626
269 131 134051
401 148 718432
328 159 932158
352 52 571807
128 325 813566
571 388 629545
393 32 955869
422 354 60518
373 338 774531
73 92 794064
511 27 609021
413 235 705995
296 536 538467
257 285 425396
208 184 928427
83 489 710333
285 210 387982
258 453 131106
318 236 936742
119 462 937184
435 268 551044
517 215 820757
415 241 347391
11 106 658792
521 377 240323
314 97 405740
103 179 292630
345 439 730724
55 149 740040
558 461 446491
410 386 913498
300 411 181353
480 11 183285
423 283 915975
237 260 605150
222 556 228505
452 217 677556
290 488 634108
383 381 384889
542 366 333980
545 76 535574
145 574 848082
238 261 477273
106 298 591934
180 459 815719
32 212 895531
385 157 573983
184 203 734021
219 426 944252
117 45 698760
574 537 617169
304 556 227537
584 567 890104
582 135 203876
59 379 895770
427 61 913120
92 49 398750
75 501 203179
267 389 76909
275 449 193924
74 448 509180
467 199 958795
12 347 869000
326 40 761308
70 299 575267
305 56 550336
367 19 4001
249 136 479861
99 188 822549
535 78 43719
77 82 541836
498 480 812710
43 465 15058
515 388 772793
124 486 41732
22 481 934967
53 255 272480
289 54 191357
351 170 717478
147 5 560640
97 525 15394
588 311 865459
369 463 102301
115 122 581330
419 439 979211
578 442 123152
9 105 143423
31 523 119105
137 355 106665
28 580 935626
27 87 920100
14 181 1827
524 216 337652
54 5 679544
332 22 145974
554 361 851110
479 70 972282
56 538 933499
109 96 432099
58 365 500692
583 325 482448
589 316 816056
207 62 834301
265 443 750429
200 454 860324
457 333 799486
462 470 373042
244 292 104392
232 186 106293
102 197 243690
10 151 952499
337 100 207414
234 67 287624
223 253 533585
312 162 612739
245 502 456595
88 194 283003
140 505 638496
375 363 162514
165 472 998658
451 166 859569
130 595 538436
197 200 936313
335 247 391484
286 12 360053
26 228 305247
313 37 375526
404 383 121932
446 29 394107
303 444 808237
162 208 792381
35 565 125069
581 116 863946
179 46 176219
193 196 319700
2 594 262812
473 93 95888
173 154 239754
230 199 626741
438 598 769183
497 529 938371
324 599 849799
29 64 766578
338 120 475659
247 394 402267
17 376 826602
408 405 537393
41 414 75313
376 588 803568
343 354 413741
587 346 670732
81 63 789949
320 374 738542
450 176 397560
518 451 386530
233 127 270273
295 467 479577
160 406 383855
522 1 105535
569 139 595674
454 146 593119
548 44 788629
519 580 369033
89 246 868982
430 332 564931
176 407 132239
169 265 51892
362 23 432158
590 278 723485
360 413 861735
439 520 41766
132 493 900865
485 418 312672
565 356 170304
418 295 23351
348 511 315593
357 329 628379
368 170 595530
399 559 357992
420 344 21396
412 408 241233
557 90 139969
133 31 738754
482 110 247230
593 55 117164
93 296 11445
396 447 141797
306 478 537484
15 491 113884
461 65 356441
339 256 705306
496 132 536507
195 233 262173
228 373 68936
433 453 494424
42 211 159748
539 292 872288
175 405 395166
240 172 684516
39 553 764034
470 73 357785
537 164 638748
440 241 148437
214 350 181799
572 559 970270
174 498 542281
262 398 52121
378 495 934627
460 118 733593
389 458 89136
490 586 877864
570 496 141691
259 264 603466
266 596 927270
248 198 941991
354 519 406544
323 490 739386
441 460 276714
556 509 102986
453 348 232843
476 279 165164
523 452 168065
215 349 17737
310 416 141785
455 269 144783
1 53 621565
72 8 282961
600 390 654078
575 308 52646
591 524 241255
158 411 686427
251 318 939947
188 124 401908
559 548 380450
527 535 218350
448 202 241859
599 141 530528
152 550 799838
442 68 837131
555 600 697080
157 565 136505
7 369 343680
321 54 130263
549 498 559744
138 207 984382
596 30 647150
390 129 627337
287 309 348979
142 250 992550
417 47 13769
19 178 475488
341 107 992429
8 545 885103
353 529 274418
579 150 901807
428 588 441983
161 384 372854
280 323 951020
358 400 666808
68 395 840363
20 224 743932
156 330 440969
356 251 648535
577 140 463963
202 421 669095
329 518 237104
325 165 244484
488 476 585271
196 543 104452
395 424 203366
567 215 453419
90 507 634250
278 266 490914
217 521 253589
264 138 331941
509 409 994592
235 380 654840
411 419 676958
533 473 622403
148 192 386973
40 334 521585
501 564 31229
201 129 131733
50 95 810023
84 98 289282
6 368 282136
213 143 186639
502 177 777880
386 422 961589
284 175 602533
349 526 825634
507 367 985318
16 214 147381
94 485 740821
263 51 44598
69 133 360078
394 250 553017
159 80 26821
414 290 891798
299 234 278044
144 297 854435
131 204 189422
110 335 936911
125 423 190909
505 113 829364
168 347 27080
254 6 736381
416 99 369331
512 370 836019
478 303 430272
288 502 981761
402 180 143677
308 468 872534
23 445 255211
272 189 35400
186 77 457047
361 595 169796
495 504 584514
503 420 240719
529 88 788538
489 39 370294
154 263 802028
61 430 922141
492 558 367059
595 254 681788
465 274 737560
177 357 167277
309 544 470894
189 113 764411
500 335 661228
52 540 113277
113 326 924455
78 281 964022
514 150 6835
155 402 783790
66 557 914698
491 562 740877
469 37 8508
363 70 89970
298 554 281013
271 72 861248
47 581 768485
576 389 847858
536 139 887081
426 352 983828
79 153 878191
374 401 920354
466 202 989116
236 183 196085
364 475 654597
510 321 392186
486 552 649802
276 229 536812
397 167 217459
409 462 937664
472 86 600467
347 483 563550
101 209 144433
407 578 151432
282 152 225515
359 191 725489
381 482 856488
34 156 481370
216 252 550010
172 26 414973
252 21 569766
37 205 26619
80 48 453915
483 549 665998
123 306 725326
229 438 692342
370 117 64512
311 145 505717
45 33 773259
531 436 709711
82 408 872523
224 267 558655
355 506 997312
484 499 615152
283 522 214233
3 305 137547
122 399 462107
307 582 398248
134 173 791930
327 229 940001
544 270 990068
107 516 276746
76 25 383304
372 319 581390
260 382 348759
494 370 627299
481 561 240297
268 568 574514
225 171 393480
319 593 723503
449 95 213019
291 448 252052
261 360 164223
60 518 913464
425 38 440277
597 277 282353
203 253 214164
171 245 806205
513 66 979696
253 41 630981
487 331 906713
21 431 219516
504 320 391179
185 456 210004
18 528 527205
563 145 438836
568 541 213596
540 157 463033
100 307 534428
330 43 23460
281 280 807065
105 313 629484
380 532 329538
199 432 557908
322 102 707528
384 339 700318
51 186 816216
246 359 665726
475 449 70665
57 39 228221
406 425 776643
190 5 542137
474 143 161847
444 391 677360
49 429 957355
129 185 350044
139 590 976854
153 487 691131
508 280 267657
592 328 276378
550 531 157917
292 16 937658
445 457 770257
239 392 853477
377 221 796151
580 555 584631
403 183 132989
443 104 64302
344 75 476432
365 427 772940
334 112 113803
538 150 419835
532 410 849285
346 324 168704
120 362 783771
340 322 554907
116 69 691801
366 397 606180
551 277 229300
85 300 586374
136 259 404034
198 91 687723
464 485 606594
170 219 476615
181 571 35012
4 348 192753
46 94 281440
227 282 921439
191 169 376553
547 358 290487
64 336 277883
226 137 195488
13 90 619277
598 535 37158
553 81 494045
146 337 869472
534 370 812483
87 581 528094
135 287 200774
546 226 756229
256 546 586961
594 156 426637
297 492 822981
163 458 487444
192 592 438869
62 144 34463
424 286 720243
210 2 971384
301 58 147545
118 240 305809
525 182 12969
429 238 431896
459 96 756705
431 24 16170
209 528 202620
477 448 473274
255 392 15814
468 10 372942
250 14 336568
342 213 828388
317 341 87371
336 79 899571
220 81 178982
126 37 743066
387 220 410874
371 305 44163
350 310 481634
204 36 674691
98 575 132254
543 136 461360
421 327 467134
187 471 853869
315 401 553378
30 591 696461
211 84 277826
