1000
27 452 935502
715 516 592780
621 147 505854
500 208 334279
977 167 166711
297 542 210773
579 853 425886
497 160 210350
406 541 858711
441 550 882675
253 687 835565
648 386 497160
42 361 913756
687 886 316838
96 527 713090
199 861 359326
220 511 82271
967 896 381725
952 96 607781
179 540 313414
350 681 373251
361 253 552387
317 654 124195
556 846 997796
547 689 932201
296 293 974672
99 408 477154
703 202 706540
617 454 883037
572 270 375276
904 972 297760
306 97 115094
494 843 155878
635 569 888608
706 15 502249
861 855 972225
498 666 866085
463 490 981591
975 822 149014
677 461 275840
168 790 988897
766 715 29811
757 849 476143
462 265 605575
970 8 17560
110 700 651183
419 622 880550
583 619 864499
899 626 12427
420 88 837458
80 351 363338
182 168 136451
141 69 68335
244 287 609232
885 537 532798
345 783 320842
28 954 453655
418 549 90191
274 697 966479
863 576 338885
225 427 84243
7 900 137624
402 196 252799
127 459 543798
247 499 804037
270 5 526460
43 750 404379
658 851 132761
137 712 977786
57 349 889157
308 895 318437
754 932 119514
371 221 675864
961 286 529877
555 134 885272
450 164 822392
647 952 852164
708 240 43445
156 89 156923
255 471 521110
252 496 37795
867 890 603147
229 603 231549
813 812 159293
994 621 601506
472 154 944979
369 110 364177
192 821 833723
307 127 949706
743 313 453983
707 195 608452
446 336 704186
576 524 877601
910 592 805773
477 691 321084
124 748 216888
712 944 371094
765 923 50006
459 611 514300
336 335 275820
976 74 697339
82 33 634285
228 683 798483
777 720 508573
148 222 595554
158 152 390073
969 205 527511
379 436 474876
530 562 766866
801 85 48502
457 598 432589
150 513 373477
467 670 939101
417 500 69314
373 950 611024
646 873 962826
432 280 566447
995 936 908973
892 37 706934
155 728 373834
514 776 216967
734 877 509149
489 478 562396
200 395 944145
209 219 510913
60 235 442351
762 856 444544
796 301 707636
896 438 191463
559 469 570454
870 463 901670
87 660 244579
18 259 720737
221 916 937872
41 489 403715
107 826 725261
519 482 249727
574 456 919517
111 160 646475
535 548 855591
17 628 480706
113 815 65909
629 27 446421
290 877 380425
839 946 614237
705 313 271977
857 801 297294
814 586 616109
661 380 136196
38 999 390877
151 990 25905
520 602 910718
51 669 945174
798 648 776245
717 494 874933
670 897 233610
763 226 861568
397 319 177664
935 591 602084
632 747 630402
800 201 838088
326 86 892409
919 62 4202
675 28 12728
638 740 115257
637 862 149152
785 107 332260
989 799 122246
733 539 14142
455 404 482325
569 132 842049
882 781 144594
140 800 327331
997 375 478100
588 82 840315
468 979 257983
829 857 89843
223 630 384327
755 363 310496
333 990 433780
620 824 17844
217 20 117100
92 431 164643
903 424 279861
47 947 281826
78 802 303542
531 866 944671
554 303 173527
149 305 110162
656 75 681335
147 185 711417
864 696 218779
828 505 371393
509 945 796206
845 467 904650
568 59 975755
567 393 318904
838 920 935374
34 179 99688
726 544 741518
806 820 679286
257 717 320926
464 730 385309
313 203 52013
750 534 616523
166 269 672568
649 47 760111
732 647 78570
436 994 794734
951 984 161029
445 656 839965
61 431 984986
603 847 428147
830 884 515769
609 341 497403
628 230 136193
767 444 938077
165 309 499297
775 348 330616
973 615 770390
438 413 62436
586 714 426166
125 976 34355
75 183 271558
126 729 766260
45 50 226495
342 177 826201
279 648 695950
573 538 188996
185 193 743491
605 629 281080
943 263 505299
834 756 841802
30 625 418143
266 481 302713
558 516 620128
748 763 699028
788 709 312739
471 58 594674
56 865 470884
370 400 673191
5 770 191908
129 785 668273
593 191 802092
478 844 276693
130 163 208580
410 893 638911
849 284 44889
85 343 145952
671 52 503486
2 87 544485
504 894 494025
546 680 993974
239 232 695036
487 852 185939
260 685 901496
968 37 746954
285 170 227054
195 417 763063
810 891 778581
465 922 925062
660 887 88385
689 297 438300
3 24 248884
893 808 81771
481 526 13136
751 563 67736
758 381 178032
782 502 889204
448 396 116767
353 706 334883
699 986 969651
616 646 236707
332 918 880251
190 291 588338
482 20 465332
771 463 50404
909 266 563281
599 198 861686
786 156 182261
884 965 102517
231 572 324079
580 369 150896
718 255 124921
276 859 955610
71 210 586569
134 998 311396
368 600 184996
388 824 82901
164 642 756096
545 379 901776
433 652 319569
303 435 717400
429 767 23572
694 355 59589
281 913 397949
46 653 947809
581 746 931632
16 64 384850
203 429 88000
389 971 244444
191 786 258896
972 104 828449
902 71 375629
479 383 141210
933 517 399534
723 407 228485
120 378 502933
680 29 782732
258 9 899038
832 389 446676
716 428 204127
883 875 35979
400 189 568316
233 573 945590
273 518 287147
469 17 629205
206 827 838577
529 574 74391
404 433 928670
855 256 972050
553 353 852137
525 721 255867
118 109 361207
541 930 645596
871 921 525036
953 606 456395
851 722 829817
316 80 807472
756 19 476559
947 595 305903
177 274 315095
352 701 266439
261 640 914990
945 934 146755
178 858 318044
12 136 481756
804 784 721181
889 658 705763
993 927 176520
590 11 218721
456 868 986189
585 449 113245
269 614 668592
29 101 394814
719 242 85612
109 186 520085
937 525 311177
613 882 315652
341 492 285322
678 535 134962
811 246 789215
781 347 417839
709 276 557409
544 571 53760
330 566 80591
542 803 275719
682 43 723967
343 589 677041
398 543 866623
886 933 547179
201 878 897967
237 308 783333
912 724 7612
837 648 246759
848 871 858910
778 56 887421
865 531 336322
818 797 414378
642 581 566448
403 440 974251
431 315 26814
354 520 960795
942 377 29135
174 69 650529
841 133 591844
396 741 853014
879 241 455738
1 322 769619
375 510 141318
978 580 615443
948 832 780551
780 318 358824
31 252 179614
70 106 509012
641 468 936660
949 495 886881
895 926 803409
97 676 801682
66 134 815350
692 362 582061
176 718 385740
673 565 879558
930 483 979718
506 839 89267
742 940 988938
669 373 959352
194 901 607896
362 659 131455
123 676 718223
736 376 650230
549 103 78193
577 90 134198
409 987 775624
360 447 354661
812 823 203876
466 718 930627
267 967 186866
289 272 430375
725 199 61597
171 532 354861
318 906 258644
521 977 510338
940 4 243248
430 102 277052
145 2 410232
633 166 562226
728 118 228757
831 667 14963
295 863 529532
128 972 435332
745 929 971700
349 229 24044
173 40 575728
157 845 225965
423 125 682903
667 914 621627
76 432 251525
460 275 322853
246 636 357052
727 76 160637
81 787 636460
271 182 91515
859 793 305322
630 626 758946
922 488 512008
135 955 120013
381 693 871192
408 973 58890
384 325 761020
787 361 660344
860 943 196594
560 528 729546
594 398 884251
443 877 38780
792 331 373274
162 804 528872
833 236 138302
449 838 914650
614 752 923337
334 479 455427
820 448 964926
522 466 333637
533 346 425891
133 939 771192
367 768 267579
524 702 586435
662 51 374783
921 155 250801
510 329 705361
807 411 228645
584 430 6848
644 830 850396
159 760 623074
532 731 938897
490 225 805643
115 442 387549
710 759 249903
98 231 682613
684 72 497800
836 223 110400
695 749 481608
612 142 441015
287 831 85584
293 249 498255
132 475 932357
808 512 995093
357 995 531242
527 261 697415
601 367 587378
211 452 740745
320 612 90955
447 361 660561
14 437 542024
348 148 573479
668 678 318659
222 644 658213
551 117 156660
759 983 418256
809 898 568855
713 506 305816
847 278 29753
916 773 121648
470 616 274622
696 734 586817
91 233 909189
846 181 579395
86 546 646156
11 369 992477
631 140 134533
868 948 294409
938 38 75776
363 179 222779
351 568 715617
219 350 93575
440 631 14443
589 772 964369
230 405 644375
153 320 496895
122 521 243687
250 963 603509
485 106 975614
79 662 140518
26 449 278958
50 765 901612
817 188 919458
58 649 215537
803 234 342067
74 810 456144
592 606 331075
515 713 79717
256 237 706328
365 86 369199
963 618 315394
714 340 380083
840 50 276900
413 260 871141
263 60 560587
645 938 844486
23 634 985932
278 141 27877
386 240 404448
325 169 279797
254 421 164701
528 879 493859
305 126 967357
731 314 659331
210 414 401089
337 392 342877
602 409 516676
198 446 443031
294 159 839946
955 813 244354
311 985 933550
346 937 455026
898 789 308489
502 504 220005
292 312 242208
486 903 449475
226 564 428906
216 912 779592
913 80 687837
376 138 41736
878 292 776627
264 359 467587
959 213 989793
564 771 741448
720 374 222377
740 856 384932
761 476 518462
84 794 367987
960 31 711344
784 745 276977
936 339 358699
63 41 391881
561 296 699217
908 961 366907
653 239 20908
265 105 608288
180 3 594601
876 221 430352
681 757 853734
946 557 279767
483 412 135244
44 579 501670
284 48 147168
774 365 590188
704 331 769330
944 143 784621
652 817 953664
802 942 945003
428 638 164127
499 131 874360
454 207 638063
627 36 363468
853 997 428694
172 591 27587
59 486 551253
242 759 21712
543 716 280221
268 754 670547
890 357 211352
971 735 761780
789 698 480964
711 559 275635
659 18 992235
622 95 892477
167 67 190603
795 779 51410
181 964 787235
985 617 399377
636 161 139152
68 14 77495
138 758 495982
272 244 195404
511 453 89831
557 650 65576
152 384 895781
304 663 731126
234 175 347251
827 425 702402
654 610 601244
626 677 741756
749 434 112421
651 782 572458
738 311 572158
380 422 516734
205 825 696893
923 604 925364
214 352 549650
816 989 46597
980 690 405959
872 640 293692
251 253 691529
37 664 44263
227 219 193861
965 368 641851
40 137 977329
108 474 710403
518 333 24161
981 608 364472
606 807 564121
238 676 331689
67 450 694173
299 842 616368
598 93 364606
359 943 751887
315 584 627506
866 245 350573
536 910 265182
928 73 348874
698 982 228925
901 515 16058
907 159 561286
493 522 688055
850 394 215100
461 523 423243
950 672 338953
21 187 136396
664 503 518180
324 456 69890
116 594 192711
988 116 775886
934 684 956010
259 639 401238
374 337 336025
790 362 481908
815 966 685802
650 36 119646
697 651 871146
739 777 565451
480 635 879250
183 836 248209
377 468 455604
983 94 363750
395 328 186853
24 465 166577
891 271 269610
310 744 41289
722 699 158160
856 194 595992
444 406 472642
958 115 484660
724 416 249839
387 736 347273
175 883 782700
618 356 781694
282 441 702667
783 190 93392
146 480 687476
897 139 634138
283 162 48405
844 382 832537
823 119 827880
4 908 215516
496 733 418439
552 688 350198
862 519 277131
154 774 115816
208 958 739446
22 477 55583
991 597 923859
773 665 58362
835 933 579546
770 905 832235
69 254 73296
383 898 209268
610 220 804338
93 940 645824
691 509 323399
954 57 88370
920 289 541375
240 552 16096
314 874 515054
64 484 502691
422 30 122792
797 268 920427
657 354 792928
88 10 816607
962 848 880133
565 470 607096
730 962 190725
301 370 547025
32 132 392642
9 228 898594
941 845 285543
925 689 245185
48 310 107265
425 593 424865
929 149 89590
665 529 83174
102 725 624607
888 171 443385
741 834 661605
114 978 981003
702 761 582850
186 487 953423
906 401 935526
131 330 73154
875 84 20409
791 391 295643
608 607 64657
905 795 728381
280 585 560011
523 458 718041
701 71 941601
887 68 374333
275 791 514700
112 988 395578
321 505 109990
563 403 651294
998 671 955093
10 288 138689
458 814 907788
364 632 56924
170 158 43424
822 243 770325
575 682 97885
344 250 62898
73 854 570931
340 129 530628
476 554 720610
596 957 454674
999 294 374838
826 919 841616
121 366 573819
62 78 119443
331 283 245398
356 262 896074
914 445 12108
298 273 959179
956 53 319551
309 514 943393
578 753 700112
595 796 752310
117 323 396198
987 21 370249
235 991 615566
19 909 312493
688 867 106665
452 264 265452
643 601 506810
248 491 219458
690 738 188293
193 479 356287
604 1 521449
672 146 499884
488 695 147367
202 841 949653
508 567 90911
534 583 143869
966 302 422482
390 258 47422
424 798 188680
495 737 427113
218 723 434016
924 77 922430
639 55 862632
794 707 339307
327 365 777928
805 300 452022
516 694 481204
957 423 662329
435 949 21736
611 439 13089
911 996 208526
591 402 270495
245 575 842232
196 493 671707
322 385 120339
53 913 874612
825 66 641497
566 850 998146
964 364 832060
686 206 595815
874 79 951283
600 570 633566
570 426 983254
799 876 449645
187 460 756049
347 931 743583
769 510 25873
335 536 485123
894 6 575151
90 816 950700
426 112 304154
421 951 449379
411 935 722071
760 282 953027
329 864 57040
139 562 196947
753 42 3283
526 16 12327
104 507 463360
212 166 617192
15 63 538617
286 397 683604
106 285 891689
625 122 725102
491 345 566538
538 806 735938
562 192 244121
382 833 75846
35 892 936589
391 560 857558
6 455 635119
623 431 649781
881 342 588389
224 668 696260
640 184 212648
550 885 28046
39 739 347876
249 661 8492
927 144 49589
83 722 129163
858 904 311836
144 959 860500
764 56 432504
674 44 387484
931 344 586132
475 980 564558
735 76 307479
184 730 674836
679 419 832357
492 928 96950
776 173 265044
136 8 665947
729 317 951161
302 605 436515
824 780 763157
405 558 50946
8 497 477470
416 49 565799
49 881 325289
918 679 205472
513 775 363063
291 924 654599
517 719 727737
932 941 550460
984 153 757681
915 912 708248
372 637 550639
319 609 857501
77 7 694570
571 723 91459
768 3 55307
100 218 192838
197 372 664892
772 764 969397
693 578 593453
262 299 861699
607 653 183465
355 508 923702
241 457 862648
986 686 719292
793 462 775554
439 577 271635
392 553 673389
539 613 891906
169 358 934261
393 114 944331
666 957 351627
20 743 491742
507 23 334622
900 197 409586
917 937 880971
215 412 56495
685 474 335600
338 410 175867
378 306 43683
434 673 418691
328 912 509195
990 258 697110
587 660 768723
821 888 449982
25 331 344510
55 582 814932
655 960 816404
700 828 555758
842 121 522828
540 911 187467
752 726 650146
854 755 968181
119 675 815645
142 969 547279
663 551 313074
414 99 325712
207 120 260253
974 39 955411
54 995 695229
979 711 977014
548 165 413831
615 811 941051
243 420 770579
442 13 105641
65 612 738292
95 829 209701
624 633 969199
747 399 198517
72 53 829256
189 145 268180
300 130 706090
582 981 181529
52 82 49242
537 91 334887
473 673 472841
597 150 127613
819 289 714018
103 277 360556
453 127 426037
427 818 585215
13 624 43818
501 431 489890
779 533 78320
880 561 990459
401 643 21904
385 657 859271
358 732 189315
288 267 329396
869 72 15745
366 298 839171
415 472 274319
746 491 800041
926 599 668893
161 889 258199
451 979 621694
852 22 734855
474 113 75665
33 178 239689
744 623 237091
399 388 810865
939 247 732033
512 993 807779
232 135 470362
992 498 69842
505 974 725638
163 227 491480
737 12 618094
236 788 695314
619 98 578439
339 655 714930
160 224 228664
394 418 936001
213 200 686357
204 748 255148
843 485 961361
312 561 42036
105 674 100472
877 415 428420
89 703 635666
982 331 838288
437 1000 315356
101 975 973137
503 300 43940
188 736 306299
412 556 996263
634 257 292486
277 332 287790
1000 295 653631
36 214 982317
683 45 757135
407 35 425437
996 124 835189
143 992 773086
676 645 742499
323 751 9680
721 925 846659
94 379 674079
484 304 393007
