200
23 167 798702
180 42 321893
154 55 184027
67 36 359077
41 116 751096
66 22 237072
119 57 66715
77 197 849525
4 110 66520
15 33 224767
80 154 136465
108 92 300518
162 62 825054
30 199 893874
70 88 932704
150 159 114223
115 133 871423
174 165 815952
31 176 573191
91 142 971176
42 16 62103
32 114 408371
97 5 400947
135 140 902095
132 23 492346
98 169 188045
196 158 462085
105 163 63223
160 76 544905
38 54 823854
200 63 876411
73 21 938525
107 150 117691
147 73 422658
34 129 506551
112 141 101389
166 87 113817
155 122 788699
12 64 582631
29 38 438766
94 165 448913
111 91 976612
26 69 251204
185 187 67693
68 193 603007
79 17 27161
101 24 744357
82 49 912451
109 28 630621
18 174 20274
193 47 115246
125 107 8317
146 39 570354
157 132 195755
19 100 184745
126 2 117773
159 9 464040
27 139 126500
167 78 830578
171 81 372705
117 188 130304
95 134 29386
44 6 690542
199 157 651853
149 167 29867
190 197 549803
61 178 367375
14 58 670810
56 65 382681
9 111 164903
25 42 816697
13 189 535869
188 69 701161
57 183 727753
100 103 213309
54 166 463176
37 42 602658
123 11 267648
131 66 894386
182 113 388126
151 4 746922
59 67 612393
40 144 704222
198 109 731757
65 180 384770
89 80 490268
72 128 102960
50 34 524813
76 102 364183
71 38 396409
172 85 640068
169 172 708455
170 45 820190
161 44 33177
143 153 473331
106 30 542296
2 14 252170
20 114 305307
145 43 473195
158 64 233285
81 179 669980
191 185 75623
93 99 78957
48 60 862381
163 130 957524
139 118 782710
10 69 558587
183 106 666512
121 141 439660
186 7 299185
176 190 264008
51 151 922183
36 148 216791
60 186 430028
173 60 885679
179 147 645119
49 181 123969
28 82 589058
177 39 302146
69 101 584962
114 72 718889
134 119 87662
5 19 953168
192 132 277272
118 182 459393
74 51 234028
122 171 308652
53 142 742560
178 40 977315
197 104 337489
84 199 869930
116 120 461325
140 198 227178
187 56 873433
78 45 577674
52 64 571466
104 137 226480
102 27 411295
85 155 959805
127 123 296508
175 98 789005
8 18 884425
17 97 598998
88 143 399481
124 18 596843
62 70 875103
137 185 279738
181 63 256526
138 59 701863
142 194 130268
83 161 483058
136 64 802189
47 107 107036
110 61 404026
33 189 595334
168 131 293848
130 32 683999
43 134 737890
148 83 588943
1 146 869820
6 71 550561
87 93 898287
103 175 403621
55 162 715782
64 184 158997
3 68 292087
46 61 80428
75 152 543769
90 112 914733
92 176 115016
21 188 452703
133 48 121187
113 8 274749
120 90 521015
195 23 585846
86 132 232313
165 140 927316
96 87 736370
39 59 973331
16 50 608113
164 179 100754
153 126 54680
156 81 484112
144 108 574527
58 145 896496
11 68 598807
152 187 365679
35 169 756187
129 127 620869
63 168 678042
194 89 167860
141 115 218530
24 15 799309
7 163 589958
184 1 703901
99 41 37493
22 79 311841
189 74 593305
45 196 24182
