71
58
440
25
17
23
49
19
56
14
14
39
36
11
45
151
18
18
35
13
40
52
13
22
40
18
13
81
147
25
20
14
40
41
36
28
31
62
73
28
86
23
556
17
62
29
58
13
20
12
25
260
20
16
14
15
64
40
13
114
51
23
154
22
154
22
109
57
54
81
11
41
17
112
14
40
15
11
106
18
11
46
11
23
57
19
57
152
16
24
28
23
35
11
14
560
20
110
82
22
34
62
29
13
39
258
23
24
30
32
41
32
15
16
20
14
43
13
145
19
44
41
23
14
84
14
40
18
35
83
305
11
16
13
15
18
43
15
150
147
431
13
24
297
36
41
28
49
26
13
13
24
151
15
110
11
20
38
89
36
17
11
22
11
24
31
15
110
557
44
22
12
11
45
11
21
26
12
13
16
63
40
109
144
38
22
11
60
13
45
12
30
12
15
28
24
48
82
433
78
39
16
16
41
49
41
32
156
28
150
41
113
16
146
15
20
23
16
18
12
13
87
11
33
11
70
58
28
87
109
430
32
83
17
42
45
17
11
19
260
257
16
305
24
11
36
555
13
109
76
29
29
23
18
12
11
434
80
11
255
15
27
13
33
30
40
25
16
30
12
22
22
15
14
37
39
39
38
17
17
109
41
13
25
12
44
47
17
12
32
22
145
14
44
106
293
12
33
18
60
38
11
13
24
31
46
25
257
86
258
22
104
47
12
153
47
56
27
81
18
145
29
30
17
143
59
35
68
30
36
58
21
32
254
168
24
262
25
152
23
45
26
61
11
90
21
16
28
312
50
11
148
30
32
154
110
15
47
15
37
23
12
15
14
28
56
19
19
34
16
13
24
44
83
30
254
30
17
33
22
107
14
16
17
148
142
71
12
14
39
15
22
13
258
15
58
15
63
168
37
11
13
61
21
19
43
21
50
24
38
46
42
11
18
12
35
20
29
14
41
87
295
12
110
23
34
48
82
28
23
28
27
557
178
38
58
152
52
32
14
25
72
16
113
15
12
39
61
31
47
15
301
25
31
29
26
38
11
24
13
40
11
150
40
146
67
20
151
19
51
47
53
258
51
42
15
85
119
87
43
22
28
84
75
19
28
11
12
27
11
29
143
146
14
19
39
14
12
39
14
294
41
88
17
18
14
28
11
14
13
35
146
16
115
45
71
32
21
12
259
44
27
82
52
16
14
14
20
12
25
21
32
28
19
57
13
15
15
26
37
69
38
24
82
82
43
39
11
16
45
44
257
37
40
22
45
18
86
19
30
45
561
24
15
21
19
13
13
39
259
35
28
175
12
44
56
34
72
20
32
28
36
41
49
24
175
28
47
34
25
12
28
13
23
12
16
22
22
22
26
24
45
12
27
296
24
34
80
27
33
36
23
12
44
17
19
79
11
33
31
12
88
49
58
81
12
11
48
22
81
34
21
16
12
257
109
15
563
15
33
13
17
20
18
17
11
86
441
150
69
13
153
440
24
41
25
40
48
38
36
39
12
28
17
13
42
32
43
46
44
12
59
261
15
18
146
41
31
30
15
12
13
15
20
11
11
12
82
147
295
28
86
18
15
19
25
16
33
15
148
15
110
42
91
41
16
22
19
21
54
12
31
13
22
13
14
436
42
21
17
107
34
11
13
11
148
39
74
30
14
20
26
145
83
14
42
142
554
80
42
15
24
11
68
149
256
39
88
28
11
23
14
177
13
11
12
145
44
15
83
14
14
13
40
14
16
12
23
85
40
13
35
45
24
50
13
38
29
28
41
17
19
28
431
147
14
64
151
44
110
11
14
69
14
48
28
110
12
36
111
26
36
11
34
17
11
12
559
28
18
25
28
22
20
16
14
11
48
19
40
47
40
11
147
51
30
20
40
147
84
20
61
12
40
50
17
11
11
71
39
15
17
16
13
117
12
260
11
27
36
302
145
12
55
154
14
12
11
40
147
15
30
35
11
41
150
32
14
12
32
38
11
176
14
15
18
15
152
29
141
68
33
14
89
20
30
84
83
52
36
19
24
15
32
114
24
11
13
31
107
11
23
81
41
22
161
112
26
16
11
150
148
17
433
561
12
11
16
12
19
20
48
14
15
33
46
34
24
66
303
13
14
18
52
16
17
23
23
49
17
35
41
148
13
26
296
19
46
39
62
258
13
15
261
39
41
36
11
15
79
13
35
145
23
42
71
14
28
63
440
15
35
32
16
17
13
12
42
20
22
94
108
309
25
11
68
141
20
11
24
21
24
11
48
60
15
11
25
22
33
73
22
48
12
157
31
12
16
20
35
18
30
19
30
151
19
20
22
23
23
36
36
76
14
19
35
145
39
22
108
108
43
39
23
554
14
257
22
143
110
16
80
184
12
17
12
12
19
16
12
150
299
43
11
15
28
11
59
20
39
13
23
14
29
14
114
258
47
18
260
13
11
25
22
88
20
24
43
14
12
140
40
33
299
23
145
14
31
34
19
44
20
26
29
11
46
12
16
50
15
107
21
24
13
35
16
47
31
40
50
30
22
19
11
15
26
23
22
83
48
58
14
563
17
18
148
21
12
41
58
18
15
48
11
24
72
13
20
12
107
27
18
22
14
146
13
11
16
22
560
14
41
12
146
27
42
34
15
41
48
18
143
89
46
21
14
157
21
14
39
11
26
24
13
16
16
29
48
181
35
15
17
37
60
35
32
11
17
22
24
558
16
151
13
36
53
12
26
104
148
20
111
21
13
11
12
11
21
39
16
56
13
38
117
107
20
147
78
23
11
11
11
14
18
51
110
11
11
11
52
18
33
14
18
39
41
11
85
82
58
33
79
35
14
11
257
42
256
146
36
17
12
23
59
35
15
74
24
39
115
30
48
110
153
11
75
34
15
16
41
110
35
89
12
107
34
14
437
21
36
144
47
42
28
12
563
108
17
24
13
14
91
32
15
17
11
23
45
258
18
81
112
38
17
13
65
23
82
56
83
45
17
14
14
20
22
21
11
54
109
143
36
13
13
258
82
40
14
39
40
83
44
14
23
17
14
12
67
15
150
66
16
18
41
13
11
79
172
159
29
44
12
14
555
25
435
13
11
82
46
18
84
35
45
145
21
22
33
39
16
39
36
88
20
42
20
12
16
262
15
23
16
16
57
11
147
24
47
24
144
11
13
11
74
143
19
22
147
16
11
41
15
39
67
89
28
36
15
19
33
18
76
11
34
31
149
142
14
34
18
57
258
14
50
28
14
11
29
17
33
26
81
25
37
17
22
21
23
28
14
36
40
35
32
43
38
107
15
11
17
13
174
43
153
23
14
12
12
14
13
62
44
20
41
20
22
19
15
22
24
14
38
12
46
13
37
81
19
69
13
255
19
82
261
23
24
14
80
15
12
16
30
439
27
40
15
11
15
29
144
36
37
30
119
40
23
49
26
149
28
13
144
109
14
297
35
46
556
35
23
303
28
32
15
39
14
147
22
25
88
43
256
25
17
113
37
41
12
49
15
81
148
147
39
42
29
146
180
20
23
58
14
26
17
40
155
435
16
13
65
68
11
17
24
173
29
150
46
174
15
52
21
22
20
69
42
25
25
38
12
17
83
35
79
14
13
48
85
82
12
83
12
15
28
12
13
15
34
83
22
20
73
25
13
32
19
37
443
25
33
27
21
49
11
18
146
440
26
296
108
11
22
38
147
17
11
143
71
12
14
24
23
12
114
34
13
70
180
45
113
11
37
40
13
11
16
49
47
23
111
69
27
114
68
73
37
20
15
11
22
17
15
434
435
26
12
15
20
15
159
70
34
21
12
41
176
15
79
13
39
43
22
19
12
56
39
435
46
259
33
24
11
108
34
12
14
38
41
434
17
24
184
45
256
112
29
22
13
25
44
84
66
70
62
11
13
142
13
82
11
12
14
63
35
33
16
12
21
37
173
12
18
14
146
22
12
17
46
111
31
258
45
110
153
45
85
12
36
18
259
12
38
34
38
37
11
22
562
49
147
39
111
77
25
14
15
40
43
52
73
20
11
15
29
111
51
15
15
41
432
11
44
14
33
49
441
561
40
14
11
113
20
435
111
20
20
35
39
155
48
39
39
39
16
147
32
19
81
13
113
23
34
22
13
86
11
22
22
38
11
47
175
113
158
80
43
47
12
14
11
82
22
20
27
20
13
17
17
30
23
148
21
38
28
34
559
177
80
19
11
59
23
40
14
68
12
16
33
17
22
109
55
33
14
26
255
81
41
45
13
25
22
63
13
296
34
180
21
76
19
36
85
26
25
72
47
39
77
14
30
87
18
86
36
299
46
25
437
17
431
46
11
293
40
145
12
33
83
14
108
24
24
18
15
35
21
11
15
110
11
16
41
147
15
51
30
258
27
31
21
24
17
19
80
14
40
12
184
35
11
14
15
48
20
553
34
11
39
29
43
108
13
146
20
86
23
39
13
36
34
57
33
81
35
33
11
13
12
181
34
14
292
107
35
115
16
41
34
20
11
11
14
47
17
11
11
438
19
40
20
78
12
44
16
12
13
23
31
146
12
41
59
20
13
53
35
15
23
14
46
35
16
46
12
11
19
111
28
146
40
81
19
15
12
20
40
33
15
40
42
145
296
11
22
11
38
11
32
43
24
142
79
20
34
40
43
24
50
19
46
20
35
30
23
17
13
11
260
25
142
27
35
21
35
14
16
20
14
24
14
48
15
107
27
30
14
13
17
32
13
58
17
20
40
82
17
11
30
49
12
47
260
26
24
172
71
14
27
13
23
111
16
16
17
50
24
70
21
43
17
13
37
22
27
72
30
13
54
40
15
17
20
156
20
25
57
47
558
80
142
18
82
28
24
13
47
20
50
11
43
64
27
18
36
29
143
15
72
13
34
23
298
32
40
39
81
13
39
20
60
259
22
54
13
146
15
84
42
12
17
171
12
440
298
16
14
23
50
22
34
14
260
36
21
18
13
32
111
45
68
48
18
39
14
566
17
154
16
26
12
58
24
33
16
558
259
35
24
35
11
152
63
183
156
82
17
21
108
45
17
15
48
19
13
25
11
34
148
15
21
55
109
69
20
184
40
145
13
32
25
47
22
13
38
85
46
59
24
14
41
14
110
42
171
11
23
74
11
40
12
23
41
113
175
60
30
60
22
17
81
40
70
12
29
11
32
40
11
47
16
14
35
19
16
38
64
25
25
16
262
24
34
12
17
25
111
19
42
22
33
22
69
11
24
37
12
11
22
144
36
11
13
12
115
14
20
49
16
16
258
80
14
23
35
23
12
42
17
20
11
14
12
14
86
43
11
153
14
33
90
20
58
32
30
24
13
56
173
22
25
25
32
44
23
16
15
48
115
175
32
22
12
109
63
259
29
40
11
13
83
46
51
12
11
14
27
258
11
49
20
110
298
32
38
11
83
29
11
12
32
256
11
14
15
39
46
89
433
69
13
11
255
26
52
13
44
31
27
261
257
149
153
15
11
11
169
40
28
15
44
15
51
39
34
11
30
110
80
40
40
38
167
559
29
36
20
12
555
22
37
32
17
49
83
66
30
13
16
29
12
23
25
23
26
44
110
16
21
20
40
23
70
13
40
40
150
38
262
142
27
32
13
11
50
22
70
21
47
15
18
15
74
11
64
29
84
36
28
28
12
177
24
563
13
11
81
39
14
108
12
15
47
22
41
18
36
21
37
21
12
24
17
430
31
431
12
20
11
111
36
14
26
260
26
306
13
256
25
45
116
31
20
31
35
58
57
21
50
17
32
70
114
306
177
14
19
36
11
21
20
16
39
74
15
42
15
80
85
39
110
300
37
13
23
32
12
63
262
15
86
11
148
12
259
18
11
20
17
14
14
16
46
48
20
14
17
38
18
28
20
27
45
182
23
262
34
25
42
47
22
23
19
29
39
11
145
26
27
35
39
27
40
14
12
18
49
38
69
13
34
22
11
46
85
39
17
17
563
27
13
34
20
11
108
46
110
144
82
22
19
23
11
142
32
18
12
22
28
57
110
18
55
64
41
153
12
31
12
16
18
25
34
17
35
33
17
60
46
43
12
34
14
87
48
42
258
26
553
72
30
35
13
36
44
14
169
42
15
178
11
82
20
56
38
20
22
26
21
11
148
11
79
67
15
16
40
12
150
27
16
20
11
46
89
45
145
11
25
35
63
21
42
69
26
18
41
15
27
15
260
38
28
71
62
23
15
53
11
42
31
41
12
34
24
38
38
174
432
14
15
47
28
13
22
11
13
11
13
11
154
20
14
37
57
13
20
54
46
14
12
15
49
111
43
60
42
12
26
11
261
11
83
24
259
175
142
62
46
38
11
86
22
12
12
11
148
41
54
12
14
114
12
57
14
258
63
256
19
52
261
44
47
40
33
19
46
108
17
22
21
150
42
32
34
11
71
22
14
14
15
15
12
155
11
25
16
28
22
85
45
24
13
46
11
74
16
43
40
11
113
14
40
433
40
13
15
20
14
12
21
11
46
25
17
24
32
40
48
14
37
46
59
40
36
15
26
13
33
14
47
22
18
41
64
12
11
178
14
21
19
12
437
19
15
14
11
13
40
18
146
13
56
39
20
90
28
36
60
70
11
28
16
89
12
16
24
55
12
19
33
41
92
44
56
47
146
39
25
46
13
42
113
11
23
28
28
14
47
11
16
12
11
22
17
48
25
14
71
33
83
11
12
24
22
14
22
39
12
27
11
31
12
15
51
16
25
12
85
437
38
29
13
146
33
14
12
29
17
150
14
111
17
82
17
442
39
15
21
22
17
14
156
25
21
12
39
23
16
21
68
146
23
21
43
16
13
13
48
56
11
72
13
17
37
16
31
33
162
29
26
161
11
28
147
43
18
11
52
257
257
19
16
26
113
16
31
38
65
19
50
48
148
14
113
50
34
24
17
20
21
28
257
20
22
11
18
24
34
37
181
61
46
23
40
34
12
14
38
11
43
15
25
67
80
13
19
26
12
21
17
19
431
11
18
23
561
30
23
77
151
35
11
19
13
77
297
110
17
40
28
22
39
37
28
12
16
298
74
34
13
17
20
439
46
63
12
11
13
554
11
37
20
144
16
14
48
12
17
43
48
11
30
14
15
170
41
15
11
11
26
17
23
18
37
18
55
13
25
262
48
109
20
36
34
13
21
11
49
110
29
55
71
49
142
48
25
16
38
567
12
301
26
40
47
40
13
15
15
25
16
32
13
14
158
260
84
83
151
23
31
26
11
42
74
106
11
34
45
151
13
13
83
17
15
295
41
13
21
50
160
14
16
442
22
20
14
150
439
35
13
25
26
11
23
43
13
12
39
255
11
11
15
33
39
11
40
23
81
13
31
84
40
42
18
39
39
20
33
16
23
24
12
16
50
39
81
110
26
49
19
145
173
260
17
21
20
24
11
23
16
22
48
13
39
13
13
42
69
107
261
159
46
15
18
16
15
56
20
41
12
38
144
33
31
16
40
12
11
33
112
12
561
21
20
89
12
154
18
14
20
13
38
40
12
42
19
15
22
75
154
11
11
18
16
145
14
92
28
26
45
15
262
32
23
33
39
23
434
39
35
16
25
69
20
11
13
17
45
83
22
20
33
29
15
23
13
24
12
16
18
11
558
21
21
30
12
12
15
12
32
430
145
115
149
40
22
40
17
13
28
21
22
12
18
36
31
11
16
12
110
21
15
39
145
20
13
28
43
67
26
17
12
13
19
12
30
14
72
26
41
62
18
23
28
170
16
41
112
27
41
33
437
13
14
42
20
12
56
40
44
17
14
107
35
29
14
15
23
21
16
22
14
34
45
15
80
43
29
12
26
28
32
69
42
12
557
19
12
307
35
301
26
16
22
146
20
44
45
149
41
11
23
17
16
50
86
152
145
113
11
28
20
42
147
53
22
25
39
27
28
11
15
14
20
28
21
438
30
15
12
29
39
11
16
148
43
21
20
80
151
117
165
37
181
48
30
19
34
18
17
17
444
20
12
15
263
17
41
91
13
26
16
23
47
51
21
15
16
24
40
14
438
90
11
16
49
295
47
563
21
113
113
41
15
434
29
58
48
11
33
57
90
30
11
16
24
11
82
568
18
46
48
42
23
12
150
35
28
17
37
26
15
16
20
11
40
142
262
556
33
33
16
27
188
20
15
11
24
39
47
26
112
41
18
26
12
30
302
11
22
146
39
22
37
110
42
17
16
25
13
23
443
18
28
156
39
45
53
441
18
11
11
48
24
23
12
14
19
25
11
45
46
44
92
13
57
48
41
553
32
41
16
17
24
34
30
88
432
14
148
40
41
64
26
40
56
22
15
11
41
37
89
13
51
14
39
14
175
11
33
39
26
47
83
81
21
149
12
15
18
11
152
15
37
257
24
11
25
40
20
12
42
44
93
164
145
63
112
11
13
42
83
259
25
20
12
88
21
15
436
147
18
564
17
50
116
17
27
144
22
47
14
11
14
34
23
39
26
22
15
70
82
44
12
11
40
33
15
83
16
42
16
180
20
15
12
17
39
64
11
17
15
11
18
20
88
17
88
81
67
28
15
32
14
22
91
22
23
41
41
12
37
11
23
109
149
106
12
12
40
20
23
11
36
44
35
37
82
16
17
156
24
14
106
22
79
26
557
15
44
11
69
25
17
13
46
11
65
13
109
12
147
36
11
24
11
43
12
31
12
86
15
22
17
44
45
11
43
258
11
26
560
28
108
151
82
32
80
13
29
40
26
15
40
15
30
300
17
27
144
38
14
34
15
111
108
42
13
15
24
18
47
46
20
21
108
20
108
17
14
11
111
20
16
48
12
22
40
156
45
42
25
18
17
34
41
15
20
16
564
42
16
11
15
21
18
13
36
18
35
32
19
51
11
16
11
42
32
21
20
37
552
82
16
48
18
40
14
304
16
22
142
76
85
23
256
38
79
33
27
557
21
295
35
35
14
44
13
13
20
31
145
13
11
148
16
11
43
260
30
39
56
25
113
46
79
28
52
14
15
17
36
82
106
61
24
83
14
38
12
18
23
15
47
20
16
35
34
149
15
34
38
50
27
50
14
20
176
12
14
42
57
27
20
23
38
21
26
18
176
16
255
14
29
16
39
41
15
36
20
42
12
22
41
565
13
305
144
79
48
20
26
30
15
43
30
20
17
44
18
59
83
11
24
90
17
40
85
84
11
27
14
29
50
22
40
18
28
20
15
13
40
59
16
16
16
142
16
48
46
21
12
259
83
48
114
259
43
433
22
18
11
15
76
47
12
30
24
15
50
143
12
297
45
13
11
11
39
20
12
13
30
72
15
438
15
54
11
31
109
24
141
19
26
68
261
22
299
151
25
24
11
50
14
259
39
25
43
112
13
21
86
12
117
76
36
13
15
14
12
17
184
11
562
43
260
11
21
17
439
16
300
20
20
29
11
18
86
15
40
14
40
17
12
36
147
12
39
11
14
298
22
14
38
82
38
15
72
559
16
14
31
17
28
22
32
11
29
34
42
258
19
34
21
14
18
56
12
79
23
11
34
20
11
21
83
83
22
41
36
37
22
14
34
49
64
16
28
35
14
262
36
18
15
13
25
105
53
24
13
75
24
41
20
21
14
12
51
23
14
33
14
23
158
18
79
66
59
70
11
23
13
109
22
22
263
22
28
23
145
28
27
90
260
12
35
23
48
107
430
26
12
21
39
14
83
24
42
11
18
61
87
40
15
112
32
14
306
16
12
12
14
47
36
147
36
14
15
42
46
47
14
30
37
37
256
80
20
565
11
48
117
25
19
16
46
157
28
19
12
16
56
11
254
81
26
16
557
32
109
11
28
46
25
22
20
254
35
50
260
14
88
17
38
16
43
22
301
24
35
108
12
44
110
11
17
22
49
17
11
43
40
13
19
43
17
561
20
36
35
20
11
44
22
14
12
109
13
43
261
113
22
11
40
20
180
27
48
23
20
11
11
28
13
46
86
39
181
35
15
16
83
48
551
45
41
22
22
14
72
41
12
14
38
256
33
21
36
80
17
148
83
14
25
17
291
91
17
147
15
11
11
260
260
15
63
70
19
31
18
23
146
14
14
18
28
20
22
20
35
20
110
42
15
90
42
23
50
14
45
11
13
11
21
12
14
19
28
11
36
12
80
30
435
13
20
56
12
27
11
23
17
19
71
64
22
11
83
11
16
15
14
49
12
49
41
178
14
20
11
110
51
263
113
11
13
23
30
107
14
20
18
83
12
30
46
12
56
28
15
41
144
41
13
53
34
81
27
75
14
27
434
40
35
14
26
14
154
20
12
110
13
11
11
35
38
17
15
259
11
27
17
148
11
25
19
13
18
440
20
28
11
11
40
21
16
13
179
47
11
26
115
18
13
40
12
40
51
27
59
35
25
35
25
69
36
25
25
17
15
39
17
13
564
18
45
24
557
41
17
14
23
32
12
153
17
24
145
43
13
11
36
66
106
86
29
39
14
28
149
21
149
25
42
78
23
18
41
18
23
79
15
299
30
14
74
11
16
19
42
13
28
257
69
45
112
40
71
43
26
12
11
33
22
259
147
50
48
36
13
260
14
21
69
85
70
39
14
24
30
23
17
12
12
80
34
110
36
59
114
43
16
12
37
290
18
14
68
41
147
23
15
11
13
41
37
24
25
38
22
23
82
18
26
18
24
15
11
12
114
38
47
12
65
26
40
11
261
19
175
19
14
26
51
49
40
32
148
145
33
14
561
12
57
144
26
26
258
21
18
81
35
108
14
34
22
12
105
11
26
20
27
41
35
140
143
11
16
72
84
81
30
24
38
27
17
12
27
11
41
81
39
15
15
12
29
18
20
23
26
12
11
47
46
145
12
83
13
48
40
44
556
145
20
39
20
82
20
80
15
15
35
38
112
21
17
71
57
14
12
48
34
42
46
83
11
45
13
74
29
44
16
24
11
24
154
144
88
81
46
83
22
15
20
36
156
23
14
14
11
437
11
19
152
50
30
112
35
24
74
17
300
13
23
17
33
81
42
12
258
40
23
13
71
51
84
13
12
147
11
11
83
107
256
15
13
12
37
19
38
54
562
18
109
25
84
42
13
23
292
14
31
13
15
49
11
15
22
149
21
28
39
11
12
12
14
108
298
48
26
19
23
29
19
41
15
27
14
13
28
15
46
55
19
66
81
16
20
18
24
68
47
19
13
80
46
36
144
558
26
107
41
25
11
13
13
27
73
41
21
53
150
28
306
63
146
25
40
14
18
154
20
146
12
14
25
14
28
145
39
11
44
257
30
44
175
21
21
15
11
11
37
16
144
64
13
24
148
14
14
20
89
11
12
22
15
25
562
11
24
13
25
37
11
16
19
47
21
49
22
261
11
69
22
15
30
67
13
39
49
17
140
42
42
11
36
30
257
22
85
21
35
114
147
22
52
13
111
12
14
11
13
20
11
178
38
21
39
20
47
39
109
25
20
12
13
17
15
70
18
48
154
36
12
25
20
15
22
39
12
41
19
18
64
12
89
14
39
301
41
11
14
87
146
40
11
12
11
50
33
11
30
146
25
26
23
11
11
73
11
112
18
11
81
32
21
15
32
20
48
11
17
300
52
35
257
23
34
24
41
34
33
146
82
45
11
14
34
152
29
49
14
57
38
17
76
16
24
29
47
12
15
50
40
24
83
29
42
168
111
152
46
26
260
24
50
38
15
34
33
43
13
75
26
23
37
257
39
19
302
145
20
297
85
14
49
58
51
21
11
14
56
146
14
12
556
37
23
259
34
11
16
14
14
38
46
23
19
11
111
28
12
34
12
28
45
13
14
37
146
30
11
297
42
52
42
13
158
19
19
24
47
21
25
29
37
429
293
11
147
14
49
47
65
39
88
32
11
260
156
72
11
22
76
32
16
39
22
37
113
79
24
21
302
32
23
13
146
145
39
174
561
434
28
11
70
142
13
14
256
32
27
16
185
172
80
556
17
12
33
22
36
13
47
15
18
28
11
299
25
16
25
25
27
38
27
106
13
12
11
34
28
14
44
31
19
39
54
28
32
26
259
24
17
24
21
14
23
30
45
19
27
22
22
40
116
84
145
48
13
433
257
62
33
48
18
12
12
24
12
46
21
23
42
25
12
47
256
13
22
30
22
47
13
84
108
55
19
39
51
24
143
47
255
21
180
12
110
41
34
32
11
112
17
13
12
14
11
175
42
559
21
15
27
14
30
28
14
12
44
85
14
19
12
17
29
12
22
14
12
14
13
25
106
39
12
28
66
46
15
12
24
80
13
33
14
31
23
49
15
12
19
556
27
111
20
38
13
92
109
37
72
22
39
12
11
28
11
18
47
50
20
11
13
13
11
19
43
59
90
11
147
120
34
40
34
45
84
46
12
33
39
43
19
108
41
139
67
23
29
80
70
11
28
59
14
13
53
84
22
25
36
15
28
25
12
19
11
43
39
17
18
109
142
16
24
12
30
16
11
147
258
41
16
43
33
38
106
14
11
21
84
20
67
42
40
12
12
45
36
26
21
12
80
37
20
27
40
14
17
28
85
33
107
11
48
47
11
63
108
26
21
48
46
11
31
29
29
15
24
41
260
33
43
17
12
11
26
147
44
19
46
12
48
46
17
11
58
35
41
12
21
438
37
28
12
21
22
19
11
28
38
14
24
14
15
256
15
38
12
25
11
49
13
49
15
12
67
258
37
16
39
83
19
11
19
11
18
25
433
36
46
31
17
71
15
82
24
25
16
48
16
12
11
15
15
26
20
38
14
19
20
25
562
41
556
11
112
38
38
68
437
37
41
47
40
17
115
85
35
13
15
427
85
44
25
48
82
13
35
41
11
16
16
21
69
22
12
51
17
32
13
48
22
40
29
84
23
60
47
15
13
112
15
13
11
38
29
85
20
39
15
11
552
44
15
18
260
14
112
11
25
40
15
118
38
23
35
13
17
18
15
64
29
83
86
39
144
19
36
20
42
13
11
35
153
44
41
24
20
52
16
51
260
15
13
21
11
29
261
149
24
34
17
79
15
157
11
18
15
261
34
41
15
112
33
14
11
32
551
29
13
28
149
20
40
11
260
13
26
118
39
27
20
35
32
15
258
84
37
92
83
16
15
11
24
25
15
12
559
13
41
12
81
11
27
17
11
13
22
24
25
17
13
56
30
11
17
17
47
11
34
15
176
28
23
36
18
35
258
23
11
15
27
15
50
23
36
36
11
303
29
27
180
28
45
28
260
73
37
12
26
19
40
17
48
13
13
16
11
71
260
13
84
21
11
12
60
42
12
15
41
14
41
13
13
109
26
79
14
37
24
92
297
58
28
14
262
38
15
14
11
306
28
27
26
12
38
12
70
15
21
12
12
33
39
33
11
40
75
11
35
156
22
19
11
28
37
40
11
49
12
51
11
26
88
24
82
179
41
57
43
112
22
17
22
12
33
26
25
41
12
26
15
22
549
18
12
261
14
16
15
28
12
50
433
11
16
42
78
19
33
13
30
65
15
11
36
180
14
11
14
37
41
52
15
41
12
44
12
22
28
63
20
19
55
110
11
15
24
32
25
40
18
107
26
32
32
22
147
16
35
48
302
29
20
11
36
82
20
13
27
56
22
260
13
16
62
32
115
57
24
28
11
70
436
12
11
56
21
45
11
47
12
16
12
12
42
36
114
12
24
24
19
17
18
106
30
65
11
13
23
11
432
177
12
24
13
32
16
39
22
27
12
14
15
28
40
157
17
11
303
12
24
37
15
26
84
23
158
73
84
30
50
15
17
27
24
14
13
68
115
13
144
25
150
83
113
13
16
13
20
12
18
13
62
34
11
23
25
11
48
21
16
11
12
20
36
35
14
26
148
21
47
17
13
14
73
22
153
16
15
14
19
34
110
26
22
20
20
19
150
73
13
13
42
15
31
108
42
35
31
110
41
21
33
12
62
12
22
17
15
297
15
13
17
50
36
28
17
21
28
39
27
14
81
11
14
18
110
38
29
17
41
20
34
13
65
258
11
20
39
11
11
13
30
49
48
42
49
