2000
0 2403 31 3632
31 435 41 7734
41 4509 52 6307
52 4994 70 6464
70 2643 104 8804
104 2967 107 6929
107 6812 132 9777
132 6260 143 9737
143 947 158 9143
158 3998 194 6659
194 4255 198 6384
198 4506 209 5381
209 1921 244 6315
244 3339 248 8519
248 3460 251 4326
251 4210 264 4649
264 2606 301 6892
301 3392 311 5276
311 3055 313 9828
313 2068 348 7133
348 3877 353 5595
353 4793 379 7524
379 1857 405 8887
405 6608 432 8110
432 753 468 9617
468 4139 494 4505
494 2483 509 9406
509 7242 513 7471
513 377 517 8829
517 2177 540 2984
540 1922 578 2662
578 1540 592 5250
592 4979 609 7220
609 982 629 7695
629 333 648 2846
648 1409 651 8327
651 990 653 8639
653 3139 672 4393
672 110 693 8351
693 1257 726 6362
726 2390 743 2709
743 1222 762 3671
762 1474 782 1724
782 1723 796 5266
796 4932 798 5891
798 1907 833 6064
833 3736 853 3784
853 122 866 5361
866 2532 887 3439
887 2554 911 2938
911 794 934 9158
934 4160 955 5135
955 2838 977 4447
977 300 994 7874
994 4744 1031 5846
1031 1990 1052 9745
1052 1737 1082 5963
1082 263 1109 7680
1109 472 1130 3677
1130 2585 1146 7319
1146 406 1159 6950
1159 5883 1176 7772
1176 669 1202 8309
1202 1874 1208 4054
1208 1659 1209 7160
1209 2320 1241 3103
1241 1066 1244 5374
1244 1459 1245 3678
1245 3079 1254 5200
1254 1817 1264 6977
1264 1142 1279 9980
1279 7120 1296 9295
1296 3456 1319 9721
1319 7534 1353 8397
1353 2102 1364 7838
1364 3518 1369 6084
1369 2095 1407 4626
1407 3962 1438 4120
1438 732 1457 4139
1457 1539 1484 5946
1484 1393 1488 9457
1488 1852 1514 7566
1514 6572 1520 8481
1520 5144 1543 9353
1543 1538 1555 5432
1555 239 1590 2200
1590 133 1620 4203
1620 2455 1654 3378
1654 710 1683 8571
1683 1179 1693 8926
1693 1363 1696 1919
1696 9 1719 3280
1719 1235 1751 2347
1751 212 1782 1912
1782 810 1791 9835
1791 3730 1820 8910
1820 3812 1842 7461
1842 5449 1861 8632
1861 5305 1864 7692
1864 4803 1885 9134
1885 3411 1896 9004
1896 2889 1901 5565
1901 2512 1936 3347
1936 1289 1949 3957
1949 1085 1972 2622
1972 795 1999 2013
1999 1251 2000 2835
2000 851 2031 7459
2031 2036 2059 4617
2059 807 2084 8841
2084 2281 2121 2858
2121 2105 2149 2931
2149 1514 2152 8846
2152 77 2178 4764
2178 1214 2199 3110
2199 2602 2212 7093
2212 665 2237 3450
2237 445 2248 7417
2248 475 2267 5819
2267 1021 2303 2397
2303 2010 2307 8945
2307 4246 2339 7579
2339 4497 2362 8816
2362 5386 2389 9968
2389 8455 2418 8527
2418 534 2449 9931
2449 2442 2467 9016
2467 5952 2484 7380
2484 693 2492 6138
2492 1662 2510 1838
2510 1365 2522 9734
2522 3473 2547 8020
2547 1550 2557 7314
2557 834 2595 5106
2595 436 2626 6299
2626 4515 2663 6494
2663 1548 2696 9094
2696 3448 2731 8237
2731 3314 2748 6688
2748 997 2761 9688
2761 2933 2772 3502
2772 2682 2792 7328
2792 4633 2816 6564
2816 3013 2829 9743
2829 5511 2863 9200
2863 1971 2899 7888
2899 1038 2934 9526
2934 184 2966 4411
2966 2702 2996 3809
2996 406 3005 8448
3005 4782 3023 8323
3023 4602 3030 5917
3030 2826 3060 6230
3060 3397 3092 9641
3092 4189 3103 4283
3103 3171 3115 5135
3115 658 3135 9285
3135 6687 3165 6836
3165 6403 3197 7337
3197 2988 3199 8583
3199 4174 3228 6353
3228 4439 3258 5009
3258 2906 3287 4666
3287 4152 3305 4529
3305 4475 3313 6191
3313 2390 3349 8587
3349 6504 3365 6892
3365 1035 3400 8665
3400 1487 3433 8890
3433 5452 3465 7549
3465 582 3471 9823
3471 25 3489 5840
3489 2936 3504 6738
3504 1732 3519 5368
3519 455 3547 6764
3547 542 3572 9042
3572 3988 3592 4374
3592 1679 3625 4769
3625 1697 3630 3152
3630 970 3664 3859
3664 1465 3671 9305
3671 6321 3681 8145
3681 1117 3695 6465
3695 477 3698 5338
3698 762 3705 1879
3705 1050 3710 6895
3710 3176 3729 6762
3729 4672 3744 5237
3744 3373 3760 7637
3760 7263 3785 7438
3785 1321 3817 9788
3817 4872 3820 7680
3820 304 3842 4883
3842 116 3860 3572
3860 0 3895 7955
3895 4962 3901 7060
3901 4888 3927 5919
3927 3478 3951 5724
3951 3695 3955 9188
3955 3810 3986 7797
3986 4690 3995 5913
3995 4209 4012 4901
4012 2172 4032 6842
4032 5529 4050 5771
4050 2287 4087 6899
4087 849 4114 3216
4114 1010 4126 1449
4126 1339 4155 8860
4155 1770 4189 2667
4189 534 4220 4282
4220 2473 4231 4446
4231 3401 4236 5969
4236 1376 4256 6714
4256 1716 4260 9991
4260 6841 4268 8020
4268 59 4293 7886
4293 985 4321 5650
4321 3585 4342 5043
4342 443 4355 7059
4355 2839 4380 3887
4380 1726 4406 3691
4406 1717 4423 4488
4423 2385 4459 3937
4459 369 4493 6905
4493 1502 4503 4354
4503 2298 4526 3213
4526 1416 4542 8656
4542 3892 4559 8721
4559 747 4580 9712
4580 1047 4601 2158
4601 1454 4634 5827
4634 2799 4652 5150
4652 5012 4686 9914
4686 3820 4691 6829
4691 4178 4722 6100
4722 5276 4758 7766
4758 6000 4765 7700
4765 663 4772 9647
4772 1691 4808 5107
4808 3574 4837 4135
4837 2591 4865 6818
4865 4181 4898 4881
4898 2265 4907 5950
4907 4324 4930 8842
4930 1818 4960 9141
4960 5127 4976 7306
4976 5785 5002 7362
5002 2435 5037 6214
5037 3136 5073 9587
5073 3231 5098 8103
5098 828 5103 7977
5103 2331 5131 7132
5131 3905 5148 3917
5148 2393 5153 5221
5153 3266 5163 4123
5163 3693 5171 6171
5171 3436 5207 5623
5207 4295 5217 6532
5217 3972 5232 8123
5232 2876 5247 6223
5247 3663 5252 4864
5252 1738 5280 8524
5280 4687 5306 4971
5306 1285 5333 6305
5333 1597 5344 3740
5344 1248 5367 5263
5367 1630 5394 6270
5394 2510 5432 3102
5432 1158 5462 8542
5462 5608 5463 5834
5463 5389 5499 9716
5499 1483 5511 7277
5511 2125 5542 3711
5542 1118 5574 3652
5574 1717 5588 7376
5588 546 5608 2014
5608 148 5637 3021
5637 2602 5661 4877
5661 1775 5689 4646
5689 0 5695 9193
5695 7100 5724 8901
5724 6650 5725 8054
5725 7218 5750 8022
5750 7357 5785 9464
5785 4963 5787 9364
5787 5580 5819 7570
5819 1461 5853 8088
5853 4788 5866 7904
5866 2977 5881 7115
5881 3106 5917 5901
5917 2010 5935 3943
5935 388 5959 3125
5959 2138 5976 4367
5976 4137 5993 5286
5993 2927 6026 6097
6026 5248 6064 9035
6064 2694 6071 7450
6071 2262 6109 7226
6109 838 6136 7167
6136 784 6170 7137
6170 4340 6172 5309
6172 17 6208 6013
6208 446 6229 5104
6229 4234 6243 4479
6243 3345 6256 9421
6256 4006 6263 4411
6263 689 6297 4333
6297 1168 6328 3483
6328 1772 6338 5712
6338 793 6353 3004
6353 2621 6355 5674
6355 4529 6392 5216
6392 2680 6411 6161
6411 4056 6447 6984
6447 1884 6453 6256
6453 3398 6465 3925
6465 3880 6468 8898
6468 1465 6491 3880
6491 2814 6514 7672
6514 2473 6524 5530
6524 1349 6557 4347
6557 3435 6588 9553
6588 6932 6591 9447
6591 2472 6596 9902
6596 6197 6634 8983
6634 15 6637 6286
6637 4712 6652 7299
6652 532 6664 5990
6664 2935 6694 5558
6694 2014 6724 8507
6724 70 6759 2055
6759 1593 6780 3975
6780 1699 6804 2417
6804 2182 6839 7498
6839 2785 6853 4648
6853 3596 6884 5571
6884 517 6893 8345
6893 1957 6922 2904
6922 2111 6927 2959
6927 1103 6934 8661
6934 3721 6942 3901
6942 1321 6978 3744
6978 1344 7012 3522
7012 208 7030 6360
7030 2841 7065 6898
7065 1259 7093 4170
7093 922 7122 3316
7122 3019 7153 8971
7153 3879 7155 6897
7155 616 7191 6626
7191 4086 7197 9112
7197 5600 7226 7457
7226 5000 7238 6712
7238 4524 7266 9653
7266 4982 7271 5401
7271 1287 7284 9146
7284 42 7306 9868
7306 1746 7317 7787
7317 23 7327 7941
7327 1553 7328 7113
7328 6158 7354 8255
7354 5525 7370 9971
7370 3402 7399 5540
7399 2623 7407 4431
7407 2292 7428 2786
7428 1233 7429 4018
7429 2697 7454 5009
7454 67 7473 7567
7473 132 7491 2779
7491 1507 7508 7334
7508 3178 7544 5389
7544 56 7578 7690
7578 100 7599 9554
7599 3174 7624 5904
7624 232 7645 4430
7645 1227 7663 3563
7663 2760 7681 5951
7681 4116 7710 4304
7710 2285 7726 7328
7726 2659 7742 5031
7742 305 7758 4483
7758 1771 7780 3765
7780 2976 7817 6574
7817 5074 7845 7392
7845 6854 7862 8829
7862 136 7884 9964
7884 984 7900 4912
7900 1314 7934 2406
7934 877 7954 9937
7954 3980 7974 8973
7974 5569 7988 6455
7988 413 8015 6755
8015 962 8051 3899
8051 2266 8055 2340
8055 128 8091 4170
8091 1932 8103 5082
8103 5034 8124 7148
8124 599 8149 7956
8149 2276 8161 5535
8161 5312 8183 9626
8183 2048 8189 5434
8189 3379 8195 5052
8195 3714 8208 6031
8208 1811 8215 9390
8215 8278 8243 8635
8243 5006 8260 9158
8260 6133 8272 8826
8272 2825 8276 7460
8276 1306 8279 3404
8279 1283 8292 3057
8292 1932 8323 5866
8323 3078 8346 9671
8346 6712 8364 9271
8364 5611 8381 9993
8381 2087 8385 7255
8385 4621 8394 9271
8394 8020 8421 9576
8421 931 8445 8863
8445 6788 8477 9336
8477 4258 8494 8517
8494 1312 8510 5970
8510 1247 8542 5778
8542 5656 8568 5906
8568 2862 8590 8204
8590 7040 8613 8049
8613 7138 8642 9459
8642 7865 8665 8690
8665 3256 8701 9980
8701 6370 8736 8325
8736 3393 8760 9183
8760 3782 8769 4441
8769 2076 8773 9424
8773 3267 8803 8000
8803 513 8823 8366
8823 5723 8827 8223
8827 2209 8859 7150
8859 3874 8865 6662
8865 1197 8881 4002
8881 2896 8886 4607
8886 3721 8899 4044
8899 221 8911 8779
8911 1548 8934 8538
8934 5927 8943 6641
8943 3732 8953 7424
8953 4839 8969 5271
8969 90 8983 8864
8983 675 9006 6154
9006 450 9020 8548
9020 1431 9056 6914
9056 1229 9075 9550
9075 3515 9080 3714
9080 3468 9098 8430
9098 5429 9129 9566
9129 6085 9160 9277
9160 6232 9190 6632
9190 5302 9208 8008
9208 7238 9227 7846
9227 759 9238 7289
9238 3854 9242 9387
9242 1054 9262 8254
9262 4008 9294 6899
9294 1862 9321 8529
9321 270 9359 9195
9359 1012 9376 2214
9376 927 9409 4157
9409 1410 9427 2250
9427 500 9449 9263
9449 3093 9450 5160
9450 1178 9478 6250
9478 4543 9501 6542
9501 1793 9523 9709
9523 5804 9541 8942
9541 4810 9576 7921
9576 4865 9613 8058
9613 957 9615 5765
9615 4890 9619 5537
9619 2493 9648 9236
9648 4168 9673 8759
9673 7800 9680 9099
9680 9044 9696 9263
9696 3802 9725 9107
9725 3428 9757 8359
9757 6644 9775 7617
9775 2275 9796 8308
9796 2732 9810 3387
9810 3336 9829 6667
9829 3571 9839 3922
9839 726 9859 7810
9859 874 9868 3348
9868 1321 9893 1792
9893 939 9900 7192
9900 4908 9912 7547
9912 6517 9913 7321
9913 1903 9919 7576
9919 1941 9935 4037
9935 2964 9944 5135
9944 65 9971 8262
9971 6028 9997 7893
9997 2328 10006 9866
10006 5778 10022 7255
10022 3517 10060 8886
10060 6577 10092 7342
10092 3876 10100 7085
10100 2094 10131 7722
10131 3081 10169 7421
10169 2985 10190 7267
10190 3374 10208 4061
10208 3307 10215 5481
10215 2833 10235 5583
10235 1570 10255 7479
10255 288 10264 8772
10264 6643 10302 8349
10302 6101 10333 7441
10333 1714 10347 7908
10347 205 10383 3583
10383 1051 10411 2766
10411 1019 10414 1498
10414 317 10446 6405
10446 2079 10447 4226
10447 2161 10475 4091
10475 2001 10503 4170
10503 3843 10523 4422
10523 416 10542 8350
10542 4452 10543 6673
10543 6444 10549 9849
10549 9241 10577 9362
10577 6 10605 9405
10605 179 10621 683
10621 432 10648 8392
10648 747 10670 7055
10670 371 10682 2250
10682 377 10685 4366
10685 3757 10699 7234
10699 3650 10705 4969
10705 1974 10742 6185
10742 342 10761 4489
10761 351 10774 4924
10774 1520 10808 8992
10808 117 10816 3400
10816 3376 10834 4415
10834 2532 10859 5254
10859 1690 10870 5574
10870 873 10900 2688
10900 1162 10902 5402
10902 2138 10908 6693
10908 2762 10936 8972
10936 4231 10965 8955
10965 1320 10984 4541
10984 4171 11017 4958
11017 388 11030 8881
11030 3559 11042 8104
11042 3189 11073 4536
11073 3158 11102 6431
11102 1896 11135 4510
11135 227 11167 5003
11167 3547 11170 4220
11170 823 11175 5942
11175 919 11192 4219
11192 904 11222 6569
11222 4677 11255 9469
11255 3693 11265 8133
11265 5751 11296 6042
11296 4857 11309 7153
11309 348 11343 8883
11343 1346 11376 3873
11376 297 11382 1999
11382 1818 11385 3048
11385 2558 11387 5598
11387 3682 11409 9701
11409 1054 11429 8163
11429 572 11447 4160
11447 1551 11473 3677
11473 3092 11486 6734
11486 2731 11523 5296
11523 2992 11528 3986
11528 530 11543 6253
11543 4700 11553 6154
11553 4009 11582 5498
11582 4079 11605 8818
11605 279 11610 4580
11610 567 11641 8789
11641 4563 11655 5755
11655 1439 11680 8119
11680 3869 11696 5995
11696 2428 11722 8059
11722 3422 11739 7103
11739 4295 11745 5815
11745 4937 11749 5991
11749 5755 11778 9707
11778 5865 11797 8769
11797 6989 11801 8410
11801 4995 11827 9734
11827 1229 11861 9352
11861 1720 11895 9301
11895 3749 11927 8387
11927 2960 11960 6065
11960 138 11988 3735
11988 2464 12011 4162
12011 2703 12026 3655
12026 1559 12060 3343
12060 2309 12087 2566
12087 2058 12099 4511
12099 2905 12133 3775
12133 2445 12142 4161
12142 1721 12167 2799
12167 1214 12179 4113
12179 1028 12192 2140
12192 880 12197 9267
12197 1848 12199 3805
12199 2732 12220 8714
12220 394 12244 6113
12244 819 12268 5261
12268 3942 12303 4502
12303 858 12331 4707
12331 908 12343 1025
12343 703 12358 1101
12358 109 12375 7054
12375 2599 12401 7019
12401 4367 12408 6416
12408 821 12436 8380
12436 4359 12439 7092
12439 4164 12448 7288
12448 278 12480 8024
12480 1989 12481 2530
12481 1631 12489 4077
12489 744 12498 6402
12498 1300 12534 6101
12534 2232 12563 5848
12563 3392 12567 5352
12567 2397 12573 8373
12573 4794 12604 5289
12604 2317 12631 5810
12631 4778 12633 8394
12633 6014 12666 7472
12666 4301 12693 8078
12693 329 12722 5740
12722 1719 12733 3341
12733 2220 12769 9932
12769 827 12796 4642
12796 2297 12810 2415
12810 2323 12839 8372
12839 6781 12860 8485
12860 7848 12867 9219
12867 5358 12886 8414
12886 1390 12905 7969
12905 387 12927 3035
12927 1386 12944 4619
12944 2446 12968 7335
12968 297 12991 7113
12991 3866 13002 5769
13002 598 13008 9264
13008 2847 13041 3467
13041 119 13068 5254
13068 1782 13080 9449
13080 4575 13085 5578
13085 1470 13093 7477
13093 4584 13100 6759
13100 4719 13112 6199
13112 5404 13121 7314
13121 2382 13125 9871
13125 6129 13138 6797
13138 5271 13151 8898
13151 5297 13157 6033
13157 3496 13164 6511
13164 1841 13183 3823
13183 1877 13189 7308
13189 7069 13222 8415
13222 4285 13232 7373
13232 6079 13261 8227
13261 6691 13289 6723
13289 4854 13297 8507
13297 6680 13301 7847
13301 2534 13307 9812
13307 3615 13343 3721
13343 1902 13373 8972
13373 1272 13388 5849
13388 1741 13390 3837
13390 903 13395 3380
13395 3369 13405 8146
13405 2257 13426 4958
13426 584 13433 3299
13433 1719 13464 5162
13464 3262 13496 4828
13496 1667 13497 7569
13497 3142 13529 3886
13529 3258 13559 4114
13559 854 13565 7104
13565 4158 13602 4550
13602 4206 13635 9822
13635 4977 13637 5692
13637 2361 13653 5534
13653 3998 13663 7097
13663 4379 13692 8045
13692 1113 13723 7403
13723 4593 13749 5277
13749 4530 13771 6896
13771 588 13805 4926
13805 2306 13811 8403
13811 4123 13818 8220
13818 4243 13828 7829
13828 865 13852 6238
13852 5484 13856 5964
13856 1880 13875 8832
13875 3624 13912 9665
13912 1823 13922 3779
13922 1813 13945 8494
13945 6731 13960 8875
13960 6168 13984 6807
13984 1145 14021 8831
14021 6339 14043 8316
14043 3066 14077 9007
14077 5907 14113 6995
14113 762 14135 6792
14135 1391 14162 3207
14162 2476 14167 9843
14167 2574 14179 5684
14179 4626 14214 7210
14214 5390 14225 9052
14225 4365 14227 7024
14227 6007 14259 6286
14259 214 14287 8593
14287 1345 14298 4770
14298 4255 14303 8143
14303 6122 14314 7581
14314 1355 14324 6773
14324 1532 14330 7547
14330 4875 14349 7840
14349 7463 14379 9540
14379 935 14384 8386
14384 1080 14419 4144
14419 1454 14420 1640
14420 1370 14458 9969
14458 3075 14479 5028
14479 3258 14500 9813
14500 3404 14508 4443
14508 3301 14517 6424
14517 4257 14528 5864
14528 2489 14533 8957
14533 4257 14564 4669
14564 1513 14568 7126
14568 4680 14591 4872
14591 3056 14611 8448
14611 4309 14645 7436
14645 4767 14677 6918
14677 2872 14687 8996
14687 6738 14721 8594
14721 4632 14750 7592
14750 3552 14757 8485
14757 3200 14779 7410
14779 3084 14793 4331
14793 2202 14801 4784
14801 561 14818 6087
14818 1210 14819 3402
14819 1250 14843 9588
14843 3780 14881 7375
14881 4403 14900 7215
14900 2411 14920 8219
14920 4822 14940 7746
14940 1781 14970 9236
14970 3955 15007 4706
15007 3990 15031 5351
15031 591 15061 6376
15061 3506 15066 3613
15066 1585 15074 6927
15074 2279 15081 3636
15081 1905 15091 6630
15091 1999 15128 5639
15128 9 15133 6625
15133 2374 15150 4431
15150 6 15154 7541
15154 2763 15167 3867
15167 3206 15182 6032
15182 4269 15187 4737
15187 2043 15221 6662
15221 3692 15237 4963
15237 3367 15243 5833
15243 1156 15249 9297
15249 713 15270 5783
15270 2497 15292 9974
15292 4040 15314 7729
15314 218 15330 9098
15330 679 15333 2346
15333 1526 15352 8591
15352 2269 15387 7767
15387 2157 15400 7355
15400 1735 15414 6650
15414 3281 15424 9304
15424 833 15430 6703
15430 5697 15467 6039
15467 5969 15485 7217
15485 5044 15512 7639
15512 7002 15548 7085
15548 3448 15578 9735
15578 1160 15612 3955
15612 24 15630 3918
15630 821 15644 7639
15644 5034 15645 9855
15645 7230 15652 7902
15652 506 15654 9967
15654 4368 15681 4617
15681 3822 15698 4534
15698 4244 15717 6516
15717 4562 15734 4705
15734 1145 15745 6670
15745 3133 15772 6720
15772 1687 15799 5160
15799 4877 15809 8477
15809 3111 15843 4949
15843 1541 15875 7502
15875 2014 15900 2672
15900 1723 15911 5451
15911 892 15932 3962
15932 2587 15942 3311
15942 970 15953 8971
15953 137 15965 3267
15965 2607 15967 5171
15967 2616 15968 4410
15968 1082 15998 7308
15998 2636 16035 2726
16035 752 16051 4794
16051 3810 16058 5022
16058 181 16067 6633
16067 774 16083 3201
16083 1484 16098 2235
16098 1310 16128 4514
16128 3745 16140 7831
16140 4071 16172 6279
16172 228 16176 4238
16176 4077 16183 5920
16183 1843 16187 5974
16187 757 16225 6985
16225 5162 16255 6788
16255 725 16267 7312
16267 3326 16303 7206
16303 3592 16304 4241
16304 2241 16312 6451
16312 5418 16313 8013
16313 5765 16350 9182
16350 6119 16360 7302
16360 6031 16369 9534
16369 6079 16398 7654
16398 4425 16429 7033
16429 57 16433 4838
16433 81 16443 1243
16443 625 16461 8167
16461 2882 16466 3755
16466 3139 16494 7655
16494 6516 16504 6734
16504 1371 16535 9149
16535 6817 16546 8457
16546 8273 16583 8415
16583 2673 16591 9532
16591 478 16601 7575
16601 2145 16631 6287
16631 2454 16669 5185
16669 4777 16682 6170
16682 4114 16700 9769
16700 5280 16720 6308
16720 2092 16739 8867
16739 1305 16769 2180
16769 675 16794 5856
16794 1505 16812 3313
16812 2552 16830 4715
16830 4595 16859 8239
16859 4867 16892 7867
16892 7306 16912 8070
16912 6582 16946 8458
16946 8077 16980 8865
16980 4450 16982 9373
16982 35 16997 6303
16997 148 17028 4653
17028 3369 17065 3599
17065 2424 17075 4264
17075 622 17089 2736
17089 908 17102 9228
17102 2723 17103 6953
17103 3284 17104 4380
17104 765 17112 3642
17112 2629 17120 2801
17120 1548 17153 3601
17153 2022 17176 9169
17176 827 17196 2446
17196 490 17206 1826
17206 86 17225 6363
17225 3786 17263 4592
17263 966 17291 9995
17291 638 17328 9474
17328 702 17333 7370
17333 676 17356 5101
17356 609 17372 4392
17372 924 17378 2585
17378 2514 17388 6205
17388 5043 17390 8782
17390 1904 17421 7379
17421 6990 17447 7304
17447 2274 17481 9484
17481 4505 17491 5612
17491 2375 17502 7778
17502 3970 17538 5657
17538 2741 17564 4967
17564 2998 17587 6245
17587 650 17612 7502
17612 4542 17628 6020
17628 5144 17662 5481
17662 633 17685 7435
17685 1130 17699 4943
17699 1845 17718 2410
17718 2369 17726 6868
17726 3750 17756 6886
17756 4662 17771 7245
17771 1251 17801 7494
17801 1120 17808 7828
17808 2710 17819 5301
17819 90 17855 4552
17855 62 17880 7160
17880 1125 17885 4872
17885 340 17909 6475
17909 1315 17914 8139
17914 795 17917 1378
17917 1009 17952 4696
17952 2132 17982 3921
17982 2749 18014 5120
18014 295 18019 3780
18019 932 18051 9340
18051 5819 18058 7605
18058 4863 18080 8607
18080 2813 18088 5622
18088 920 18095 5963
18095 895 18126 2722
18126 1829 18150 2435
18150 1229 18173 8291
18173 1420 18203 6023
18203 2933 18233 3926
18233 3025 18258 4937
18258 3093 18277 5706
18277 3586 18291 5616
18291 439 18304 7981
18304 1464 18336 5997
18336 2794 18345 7308
18345 3750 18370 5514
18370 980 18403 8092
18403 4505 18404 7484
18404 1696 18412 6660
18412 4656 18442 6601
18442 1306 18447 9623
18447 1629 18460 5659
18460 5103 18479 9428
18479 1002 18504 6552
18504 2088 18533 5348
18533 534 18556 4583
18556 938 18559 3774
18559 1612 18584 3067
18584 2301 18617 6955
18617 5985 18631 8646
18631 3365 18635 9699
18635 6226 18669 6844
18669 5776 18673 9791
18673 4978 18687 6539
18687 4341 18697 6415
18697 1256 18728 9617
18728 3364 18762 6821
18762 2192 18764 7705
18764 4215 18792 8953
18792 2923 18798 9553
18798 5365 18834 6817
18834 2831 18862 6452
18862 5686 18894 6353
18894 4390 18897 9685
18897 2205 18927 6078
18927 1600 18936 6401
18936 3387 18939 5294
18939 3359 18977 4500
18977 990 18987 7375
18987 6216 19000 7097
19000 6981 19019 7036
19019 1685 19027 7065
19027 1771 19036 6681
19036 1724 19054 9651
19054 4095 19090 8228
19090 1805 19121 5674
19121 863 19127 5320
19127 2797 19140 8280
19140 1022 19143 3934
19143 3353 19159 8173
19159 5358 19186 6209
19186 651 19209 8855
19209 2556 19247 5748
19247 3162 19283 5152
19283 2687 19313 8699
19313 6597 19315 7158
19315 1926 19330 7117
19330 4424 19353 7998
19353 1808 19386 8133
19386 5831 19424 6395
19424 3117 19441 8725
19441 2723 19463 4981
19463 3812 19499 3908
19499 3495 19506 9408
19506 2222 19525 6769
19525 2186 19536 7408
19536 2823 19563 6368
19563 4551 19587 6385
19587 4622 19622 8731
19622 1973 19647 6945
19647 277 19669 7963
19669 643 19686 2990
19686 2911 19715 9935
19715 52 19724 6135
19724 3307 19739 7288
19739 33 19746 9041
19746 369 19756 3703
19756 1505 19757 2919
19757 843 19762 2290
19762 578 19775 2079
19775 1631 19793 2810
19793 1307 19816 7418
19816 968 19824 7888
19824 4015 19845 6882
19845 939 19851 7824
19851 27 19876 4161
19876 1790 19892 5069
19892 254 19903 9354
19903 5155 19922 5845
19922 5804 19949 9535
19949 2983 19985 8099
19985 3253 19986 4630
19986 486 20020 8039
20020 1435 20042 6147
20042 760 20078 8365
20078 3718 20082 4859
20082 770 20103 7945
20103 2891 20138 7845
20138 468 20159 5775
20159 2442 20193 3710
20193 1355 20229 3707
20229 1053 20248 4605
20248 1296 20272 4017
20272 3626 20308 9047
20308 6483 20332 7448
20332 6814 20370 7676
20370 4928 20373 7340
20373 5272 20401 6571
20401 3583 20411 8484
20411 5443 20434 6848
20434 62 20446 6744
20446 1657 20464 1741
20464 291 20478 2585
20478 848 20516 3783
20516 1246 20545 3155
20545 162 20576 6789
20576 3938 20608 4750
20608 3124 20611 8747
20611 5056 20629 6065
20629 2853 20641 6846
20641 62 20643 9453
20643 635 20675 5946
20675 2041 20713 6929
20713 3602 20714 5821
20714 1738 20720 4945
20720 42 20750 8896
20750 3389 20763 3555
20763 2944 20793 5034
20793 4604 20797 6892
20797 4275 20814 8799
20814 6351 20822 7666
20822 4708 20854 9429
20854 4470 20882 6108
20882 3051 20886 8083
20886 3436 20905 4695
20905 874 20943 8584
20943 7678 20948 9254
20948 3357 20979 9254
20979 4062 21016 5046
21016 2191 21026 4567
21026 413 21060 8290
21060 1078 21082 3223
21082 2545 21090 3107
21090 2479 21109 4667
21109 3821 21126 4559
21126 280 21158 4320
21158 1365 21161 2749
21161 1366 21166 5543
21166 1852 21192 2149
21192 1609 21207 5559
21207 3426 21218 9870
21218 4258 21226 9826
21226 5220 21261 6036
21261 3412 21287 9910
21287 5004 21301 5809
21301 1313 21334 6715
21334 6518 21337 7538
21337 5850 21349 8520
21349 4356 21377 6180
21377 5626 21394 6441
21394 6153 21400 6848
21400 1754 21412 6964
21412 5437 21449 8451
21449 2729 21476 5729
21476 5704 21505 6267
21505 1678 21529 8643
21529 191 21546 9443
21546 2959 21570 9582
21570 1439 21582 4425
21582 1910 21583 9855
21583 4386 21585 4870
21585 66 21603 7787
21603 77 21625 5798
21625 2347 21627 4315
21627 1215 21647 4817
21647 1846 21648 3444
21648 1088 21678 7896
21678 1630 21707 3983
21707 2415 21745 5436
21745 4169 21768 7033
21768 4194 21777 4273
21777 1863 21813 9451
21813 3215 21843 8897
21843 3145 21867 8261
21867 8059 21890 9214
21890 4358 21909 9122
21909 905 21912 8381
21912 2884 21920 4440
21920 3418 21945 9100
21945 4512 21960 7374
21960 1706 21997 8067
21997 2928 22001 6181
22001 4975 22031 5328
22031 430 22056 5379
22056 738 22063 8211
22063 987 22066 8185
22066 1705 22089 5892
22089 2907 22122 3505
22122 699 22151 7300
22151 869 22167 1654
22167 231 22185 1969
22185 1152 22194 3505
22194 1554 22197 8728
22197 3768 22219 7329
22219 1340 22228 8175
22228 2930 22266 7377
22266 1749 22276 4230
22276 964 22309 4166
22309 2024 22338 8344
22338 2121 22375 7342
22375 5659 22404 8876
22404 5689 22426 7914
22426 143 22445 6689
22445 3713 22475 7235
22475 4046 22480 5451
22480 37 22494 8089
22494 1090 22506 3995
22506 3277 22527 5066
22527 2623 22562 4592
22562 3340 22587 7186
22587 3604 22590 9055
22590 5594 22615 5641
22615 1495 22622 8375
22622 2495 22623 5621
22623 4223 22648 7329
22648 2214 22676 6096
22676 2422 22686 5769
22686 4692 22707 9847
22707 1225 22732 9363
22732 5493 22739 8042
22739 3185 22745 7416
22745 3139 22749 5776
22749 329 22786 6243
22786 3805 22823 4002
22823 437 22856 5086
22856 1570 22866 3372
22866 714 22903 2812
22903 1773 22921 8443
22921 3420 22934 6871
22934 3580 22961 9483
22961 4015 22988 9221
22988 94 22998 7648
22998 4021 23035 8154
23035 3743 23070 6887
23070 4998 23082 9354
23082 6874 23113 7991
23113 3216 23127 8846
23127 470 23156 5748
23156 3729 23174 9851
23174 4012 23200 5494
23200 4813 23217 6087
23217 2449 23252 5954
23252 756 23264 4671
23264 4 23297 6999
23297 2135 23298 2398
23298 60 23335 3271
23335 1834 23354 5301
23354 1851 23377 1973
23377 46 23406 3170
23406 2339 23409 9089
23409 7824 23441 9384
23441 6813 23453 9357
23453 5400 23479 9016
23479 7061 23501 9556
23501 7906 23504 8454
23504 2156 23521 8797
23521 3211 23545 7799
23545 7024 23554 8406
23554 1760 23568 9855
23568 3955 23593 6600
23593 2151 23599 7358
23599 2676 23627 6001
23627 318 23653 5325
23653 1861 23683 3252
23683 1596 23721 8763
23721 3792 23737 8032
23737 3651 23749 4038
23749 1999 23775 8498
23775 4205 23783 5699
23783 5086 23785 5190
23785 180 23807 6316
23807 6137 23821 7146
23821 5494 23854 7228
23854 5562 23867 7259
23867 4389 23901 9708
23901 7023 23925 9201
23925 2177 23940 9551
23940 2528 23975 2821
23975 416 23999 6613
23999 6458 24016 8872
24016 555 24049 8886
24049 2247 24064 4997
24064 921 24098 5952
24098 799 24104 6026
24104 4322 24114 6469
24114 3606 24129 5019
24129 3126 24146 7387
24146 1178 24148 7873
24148 5184 24162 9954
24162 2196 24183 7943
24183 1508 24186 3464
24186 438 24203 4494
24203 810 24232 1833
24232 1062 24258 5233
24258 1107 24270 4381
24270 3332 24279 3953
24279 3283 24291 6406
24291 30 24326 4518
24326 1002 24350 2667
24350 478 24380 5660
24380 5582 24398 6185
24398 3254 24434 7240
24434 2903 24450 4476
24450 3125 24451 4154
24451 3454 24461 9140
24461 6046 24475 7647
24475 6643 24478 7363
24478 21 24486 7569
24486 4855 24491 9104
24491 3865 24518 8552
24518 3924 24522 8269
24522 3354 24553 9002
24553 2320 24563 5143
24563 2181 24581 5215
24581 30 24608 3073
24608 330 24634 6823
24634 1495 24636 2480
24636 1401 24669 7179
24669 4581 24670 8933
24670 7211 24689 9581
24689 2774 24719 8555
24719 1218 24742 4212
24742 1506 24757 5332
24757 4950 24793 7042
24793 1179 24798 5314
24798 2088 24831 5448
24831 1444 24855 3294
24855 2694 24867 6542
24867 155 24897 6425
24897 3857 24910 4772
24910 3773 24946 5502
24946 3099 24949 8462
24949 3021 24974 4256
24974 2171 24978 4612
24978 2367 24996 6621
24996 3195 24997 9055
24997 2923 25034 5749
25034 2242 25061 6749
25061 6263 25062 6556
25062 4867 25093 9181
25093 2643 25129 7502
25129 5438 25155 6188
25155 2857 25162 8256
25162 3043 25169 7893
25169 5407 25182 6845
25182 373 25199 7555
25199 2423 25212 4224
25212 3908 25238 5308
25238 4118 25245 8645
25245 2150 25266 4385
25266 2642 25271 8001
25271 1991 25303 4723
25303 3391 25316 9378
25316 605 25324 5488
25324 2556 25325 3285
25325 1586 25337 4657
25337 611 25352 7013
25352 87 25378 1946
25378 440 25414 823
25414 572 25423 1348
25423 1251 25461 7370
25461 854 25471 2378
25471 1775 25483 2537
25483 2013 25489 2279
25489 1820 25505 4647
25505 1844 25516 4287
25516 2655 25522 4454
25522 1034 25535 6032
25535 1907 25555 4558
25555 1466 25564 7032
25564 2268 25601 6870
25601 4513 25637 7814
25637 5761 25668 5988
25668 1722 25684 6083
25684 3055 25691 3131
25691 485 25703 4309
25703 3976 25723 8282
25723 2544 25737 4993
25737 1264 25772 2846
25772 1751 25786 3546
25786 1049 25808 4529
25808 225 25826 4871
25826 75 25850 6732
25850 540 25888 4095
25888 1438 25896 5877
25896 775 25915 7538
25915 1827 25931 6625
25931 4967 25938 9051
25938 1311 25975 6035
25975 2942 25995 4595
25995 3275 26029 4731
26029 996 26040 3775
26040 2291 26074 4636
26074 2326 26097 5294
26097 1369 26124 3202
26124 3155 26155 8500
26155 2109 26170 6017
26170 4786 26190 6741
26190 2860 26199 8158
26199 4427 26220 8199
26220 5577 26238 5649
26238 1686 26254 9098
26254 1956 26283 9392
26283 1504 26293 6045
26293 1019 26304 6283
26304 447 26330 6828
26330 2600 26360 5926
26360 3000 26370 6349
26370 3515 26386 4637
26386 382 26387 9669
26387 1467 26408 3024
26408 488 26410 8236
26410 1086 26415 7937
26415 4293 26451 5129
26451 4531 26459 5026
26459 2410 26480 8307
26480 1863 26491 5172
26491 1883 26516 3598
26516 2673 26517 7743
26517 3555 26553 7340
26553 3585 26587 5511
26587 2429 26608 5567
26608 2646 26637 9888
26637 5385 26662 7703
26662 4359 26698 5516
26698 264 26725 6823
26725 2235 26733 2453
26733 1654 26769 9628
26769 2188 26771 3349
26771 2631 26809 7462
26809 4525 26839 7868
26839 2493 26848 9743
26848 3420 26865 6521
26865 3736 26894 4025
26894 3660 26905 7691
26905 6047 26942 6552
26942 1547 26958 7097
26958 3789 26988 9903
26988 3649 27010 5205
27010 2256 27047 4812
27047 4394 27081 6122
27081 5377 27092 5423
27092 3759 27093 8418
27093 1225 27113 6443
27113 4260 27125 5216
27125 1438 27130 5310
27130 2438 27157 9035
27157 2465 27158 8398
27158 3773 27194 5209
27194 3208 27203 8096
27203 1581 27240 6671
27240 5772 27245 9572
27245 3690 27258 6041
27258 4440 27289 9982
27289 139 27310 6168
27310 835 27339 4082
27339 2676 27374 6244
27374 2811 27409 3728
27409 3669 27414 6913
27414 6845 27423 9535
27423 5158 27443 7238
27443 2422 27461 6950
27461 2513 27496 4404
27496 725 27515 9922
27515 1360 27521 6469
27521 209 27554 2404
27554 167 27590 7352
27590 6204 27626 6566
27626 1644 27636 8246
27636 7433 27669 9057
27669 4422 27678 7874
27678 391 27693 5011
27693 72 27731 554
27731 269 27757 6290
27757 1669 27783 7229
27783 2563 27785 4760
27785 920 27817 9769
27817 331 27854 6816
27854 4572 27856 6154
27856 4949 27876 7295
27876 5299 27887 6227
27887 3998 27905 7442
27905 6136 27914 7158
27914 5033 27928 7658
27928 6290 27946 7089
27946 5713 27969 6513
27969 745 28001 8767
28001 3121 28016 5135
28016 4933 28031 6028
28031 4275 28041 9258
28041 6960 28047 9998
28047 811 28077 7582
28077 5510 28093 7112
28093 1183 28127 5848
28127 1665 28141 5239
28141 2709 28172 8021
28172 2865 28186 5330
28186 559 28197 8977
28197 2193 28211 4535
28211 4085 28244 5809
28244 4806 28261 6125
28261 2568 28285 6815
28285 500 28296 9166
28296 5670 28300 7724
28300 1161 28331 8324
28331 2226 28334 5919
28334 1371 28335 6263
28335 4792 28345 9490
28345 4383 28357 5969
28357 1981 28383 7845
28383 4760 28401 5219
28401 170 28419 8697
28419 3289 28447 5476
28447 1855 28485 3491
28485 979 28511 9078
28511 7018 28513 7095
28513 3509 28538 8086
28538 6058 28564 7968
28564 1314 28585 9298
28585 8241 28592 9275
28592 669 28617 8303
28617 4319 28648 6080
28648 3124 28656 9851
28656 1933 28663 6806
28663 4588 28675 8298
28675 3676 28688 7412
28688 481 28707 4734
28707 2019 28728 2147
28728 906 28763 3944
28763 2932 28789 3313
28789 1295 28823 4422
28823 468 28831 8177
28831 7282 28832 7732
28832 3153 28868 8754
28868 4307 28895 5365
28895 3167 28929 7109
28929 2562 28948 5250
28948 69 28950 4119
28950 923 28952 1712
28952 74 28964 1096
28964 749 28999 924
28999 867 29012 4035
29012 2395 29033 6337
29033 3459 29054 4148
29054 3788 29087 9552
29087 3613 29103 4979
29103 1916 29113 6290
29113 1236 29116 8020
29116 6432 29123 8607
29123 7632 29139 8832
29139 7292 29162 8337
29162 1141 29181 8465
29181 1710 29209 5860
29209 1225 29236 4681
29236 2403 29237 5088
29237 1299 29242 4398
29242 1528 29243 2667
29243 61 29275 2829
29275 811 29276 6104
29276 2534 29291 3846
29291 2647 29295 6886
29295 4818 29296 7108
29296 4762 29326 5416
29326 2175 29335 6755
29335 5136 29367 5242
29367 3040 29389 6108
29389 2146 29391 3522
29391 66 29400 2548
29400 2388 29437 5869
29437 3209 29474 9212
29474 3701 29481 7023
29481 3149 29485 9457
29485 1477 29487 9929
29487 2412 29520 5090
29520 4518 29549 7896
29549 5571 29578 6935
29578 3001 29616 7264
29616 3292 29644 5470
29644 1422 29649 8436
29649 5011 29666 8720
29666 3677 29675 5779
29675 5645 29685 7219
29685 544 29709 5827
29709 1683 29717 3227
29717 2460 29720 6552
29720 4014 29736 6762
29736 2607 29767 6586
29767 1264 29793 7610
29793 1221 29827 2860
29827 50 29849 8324
29849 1079 29887 7629
29887 996 29897 6626
29897 2884 29919 3434
29919 16 29932 8291
29932 871 29948 2298
29948 1484 29972 3740
29972 2526 30004 3341
30004 1080 30035 8437
30035 1806 30071 8990
30071 3568 30091 7121
30091 2686 30111 9328
30111 3648 30139 8412
30139 4724 30142 4795
30142 4585 30155 8001
30155 5771 30182 9240
30182 3086 30209 9572
30209 6304 30210 9109
30210 1114 30211 9228
30211 1249 30228 9450
30228 1202 30242 3384
30242 827 30263 9962
30263 1382 30295 7501
30295 973 30305 4187
30305 1178 30317 2152
30317 1128 30323 9105
30323 3616 30331 4996
30331 480 30337 5868
30337 4980 30352 6562
30352 4991 30387 7281
30387 5498 30418 6773
30418 2573 30439 8720
30439 192 30475 8562
30475 425 30479 1219
30479 73 30495 3594
30495 434 30496 8042
30496 3467 30521 6820
30521 4342 30558 5032
30558 1187 30567 6418
30567 5857 30586 7484
30586 2682 30616 8590
30616 3456 30625 5518
30625 4269 30628 5201
30628 271 30660 4719
30660 2362 30687 3052
30687 2213 30707 5918
30707 1204 30724 9927
30724 1912 30742 6417
30742 2506 30751 5149
30751 3434 30784 3589
30784 1796 30803 6543
30803 1072 30817 9719
30817 327 30854 6853
30854 98 30891 6380
30891 6334 30898 7748
30898 75 30907 9143
30907 3992 30925 6903
30925 245 30942 8210
30942 4021 30979 5639
30979 414 31014 8094
31014 3259 31035 4320
31035 3508 31070 8795
31070 3563 31079 5923
31079 2151 31086 5092
31086 2830 31094 3603
31094 1046 31120 8249
31120 2271 31132 5386
31132 4507 31170 5255
31170 558 31186 7834
31186 1156 31205 1586
31205 263 31229 9472
31229 1801 31230 8440
31230 1662 31251 9440
31251 4628 31283 7048
31283 6433 31316 9516
31316 8237 31320 8561
31320 1121 31357 8669
31357 4964 31387 6210
31387 726 31415 9698
31415 1648 31433 3383
31433 1676 31455 2919
31455 1154 31484 5543
31484 3943 31499 6456
31499 2968 31533 6556
31533 4748 31561 5544
31561 2814 31587 9631
31587 6862 31617 8866
31617 1281 31619 7311
31619 271 31639 4293
31639 2421 31652 6364
31652 2731 31687 3118
31687 2425 31713 7242
31713 3121 31742 5467
31742 729 31759 8162
31759 604 31785 6813
31785 4072 31806 5692
31806 1558 31837 4304
31837 2523 31852 9727
31852 8217 31858 8792
31858 2952 31896 8315
31896 3646 31912 7343
31912 4550 31943 4633
31943 2756 31950 9936
31950 2102 31953 3795
31953 438 31976 3150
31976 866 31987 1741
31987 1300 31992 5243
31992 1924 32009 2460
32009 1860 32018 6132
32018 1613 32055 6508
32055 6101 32087 8562
32087 843 32103 7228
32103 2747 32134 4407
32134 3455 32143 5710
32143 3666 32146 3993
32146 1815 32184 6556
32184 79 32199 8013
32199 593 32203 3673
32203 1720 32206 5528
32206 4144 32239 4359
32239 3973 32267 6979
32267 875 32281 6566
32281 878 32285 1066
32285 396 32316 1409
32316 27 32340 7301
32340 5443 32354 6753
32354 5663 32360 6220
32360 293 32371 7571
32371 2459 32398 5087
32398 4175 32409 5488
32409 4932 32446 7659
32446 4305 32483 9225
32483 5489 32499 7804
32499 1310 32510 5874
32510 1105 32527 1954
32527 102 32537 1114
32537 448 32552 6064
32552 2095 32570 5319
32570 3010 32597 3160
32597 2252 32628 8930
32628 6240 32640 7547
32640 489 32676 7635
32676 7339 32713 9998
32713 3527 32735 7769
32735 1952 32742 4775
32742 487 32770 4277
32770 364 32795 1231
32795 745 32806 3502
32806 2314 32836 3795
32836 460 32867 7976
32867 3587 32904 4500
32904 1726 32933 8602
32933 2267 32934 5679
32934 5195 32938 7199
32938 4965 32970 8698
32970 265 32976 5608
32976 62 33005 2381
33005 77 33043 1363
33043 1202 33055 7610
33055 3017 33081 7472
33081 2673 33112 7496
33112 2294 33148 8801
33148 336 33177 9253
33177 4188 33188 8226
33188 1193 33213 4297
33213 348 33228 3818
33228 1428 33264 3744
33264 2479 33267 5487
33267 662 33285 3163
33285 667 33305 3495
33305 2914 33308 3214
33308 2790 33317 7035
33317 2747 33343 3534
33343 693 33349 9781
33349 251 33374 8164
33374 3880 33381 7466
33381 537 33400 5117
33400 2158 33418 2426
33418 811 33421 2292
33421 1625 33440 2134
33440 1611 33444 7249
33444 2834 33465 7141
33465 3760 33469 6197
33469 3377 33494 7736
33494 1008 33521 4831
33521 2792 33523 4759
33523 1093 33526 5141
33526 595 33560 3302
33560 1947 33567 4101
33567 3257 33573 7143
33573 1084 33610 7515
33610 3953 33628 6191
33628 4372 33633 9086
33633 7126 33648 7449
33648 1383 33657 7146
33657 4294 33686 5481
33686 2406 33722 9826
33722 3422 33726 5629
33726 5520 33744 7940
33744 5859 33754 6226
33754 2451 33781 7262
33781 1236 33782 9030
33782 603 33820 7355
33820 1060 33824 2583
33824 39 33842 3067
33842 1109 33861 6553
33861 2177 33887 4041
33887 2656 33911 4239
33911 3059 33938 4127
33938 2733 33945 5411
33945 3451 33970 6317
33970 2105 33975 6063
33975 2372 34010 5780
34010 1335 34017 2550
34017 1255 34053 2908
34053 322 34082 5294
34082 3708 34109 3801
34109 2615 34110 4787
34110 794 34137 3724
34137 1270 34149 2400
34149 1722 34170 3863
34170 851 34190 8257
34190 979 34193 6310
34193 2449 34211 4801
34211 2335 34233 2698
34233 666 34267 8485
34267 1492 34288 3773
34288 2433 34294 8636
34294 6527 34328 6641
34328 5492 34350 8446
34350 7708 34355 8848
34355 2975 34360 8970
34360 2106 34375 3662
34375 1187 34404 7502
34404 3850 34421 6488
34421 1768 34455 8056
34455 3404 34478 7019
34478 2929 34479 9306
34479 174 34510 7576
34510 709 34545 2087
34545 511 34583 9633
34583 3349 34597 9471
34597 263 34633 5819
34633 2261 34634 9369
34634 1699 34652 2709
34652 704 34683 9983
34683 588 34696 3421
34696 1321 34704 8720
34704 3540 34734 4991
34734 4212 34742 9494
34742 3084 34776 4229
34776 1127 34805 7753
34805 1151 34841 5801
34841 2601 34847 5376
34847 4886 34848 6791
34848 2284 34881 6341
34881 3181 34904 7301
34904 3083 34933 9706
34933 7558 34969 8952
34969 4013 34974 8843
34974 3185 34991 9975
34991 4608 35008 5271
35008 3254 35031 9118
35031 7466 35054 8263
35054 5691 35057 9776
35057 1126 35092 6164
35092 5018 35122 8651
35122 6531 35153 7694
35153 1276 35189 8947
35189 845 35213 4849
35213 2576 35239 2734
35239 1756 35264 9319
35264 7886 35266 8850
35266 2022 35270 8548
35270 1513 35285 8309
35285 3662 35316 5572
35316 1726 35318 9874
35318 1347 35353 2466
35353 1082 35354 5989
35354 2281 35391 7397
35391 1618 35425 9460
35425 1034 35454 3940
35454 3471 35470 7710
35470 2208 35483 9820
35483 2074 35513 9620
35513 3827 35516 5804
35516 1418 35553 7841
35553 7183 35576 7253
35576 3571 35583 7285
35583 4631 35605 5151
35605 2835 35627 6652
35627 3797 35649 4825
35649 4210 35669 4767
35669 3636 35687 7460
35687 1962 35709 7682
35709 1904 35726 6741
35726 4686 35733 4750
35733 2149 35770 6023
35770 810 35780 3242
35780 2267 35788 4220
35788 1287 35792 5260
35792 147 35803 1862
35803 251 35828 3302
35828 808 35839 3944
35839 2082 35846 3189
35846 707 35867 9226
35867 1221 35887 7173
35887 1820 35908 4248
35908 2173 35932 6528
35932 3328 35954 4765
35954 4447 35982 8236
35982 3236 36006 7158
36006 124 36029 6667
36029 565 36035 5241
36035 4786 36049 8367
36049 4422 36069 9712
36069 5203 36101 5989
36101 5401 36102 7468
36102 6606 36109 7179
36109 5577 36124 8268
36124 3858 36155 8253
36155 5076 36191 7672
36191 268 36199 8457
36199 352 36211 2307
36211 1462 36230 5630
36230 3782 36266 5441
36266 4713 36276 5238
36276 1153 36304 8680
36304 1471 36314 6698
36314 4709 36340 7306
36340 5855 36355 5914
36355 2216 36371 7163
36371 2652 36374 5666
36374 4099 36395 7900
36395 4503 36417 6647
36417 4997 36438 6861
36438 4158 36466 7509
36466 1296 36481 6263
36481 3935 36483 5129
36483 4238 36507 8827
36507 4790 36516 8686
36516 2197 36527 5354
36527 1621 36543 6571
36543 2297 36545 6470
36545 1765 36552 8070
36552 175 36558 9678
36558 964 36560 2567
36560 1199 36595 3051
36595 2583 36618 2748
36618 1050 36642 4716
36642 1629 36669 7418
36669 5112 36692 5845
36692 1227 36713 6687
36713 5463 36731 9660
36731 602 36763 9889
36763 683 36779 4043
36779 447 36794 4330
36794 3551 36806 4003
36806 3773 36842 5813
36842 2065 36869 4567
36869 2945 36899 9546
36899 6929 36909 8721
36909 4207 36910 8201
36910 6960 36944 7412
36944 6367 36950 8546
36950 3133 36981 6479
36981 757 36996 8391
36996 3113 37000 8389
37000 3834 37016 6647
37016 5198 37033 7371
37033 1101 37070 9705
37070 2143 37078 5990
37078 3082 37100 4936
37100 1052 37128 3744
37128 2415 37144 5084
37144 5062 37154 7286
37154 5775 37188 6643
37188 3785 37198 7968
37198 7013 37228 7831
37228 3809 37233 8292
37233 527 37267 9795
37267 4334 37290 8756
37290 6948 37305 8011
37305 4379 37323 7126
37323 4362 37359 9233
37359 4097 37361 7323
37361 6372 37381 7000
37381 4496 37385 7346
37385 5699 37395 7999
37395 6929 37425 9808
37425 7712 37451 8531
37451 6221 37459 8506
37459 1184 37464 7997
37464 2275 37493 4096
37493 2429 37527 3462
37527 232 37532 3947
37532 1586 37533 9240
37533 4612 37551 7183
37551 5835 37571 7352
37571 3465 37600 8516
37600 4223 37626 7992
37626 7103 37655 9259
37655 8164 37690 9649
37690 5239 37723 9018
37723 6042 37751 7138
37751 1374 37754 9802
37754 1446 37774 4804
37774 2546 37808 6841
37808 2704 37815 9233
37815 5078 37838 9072
37838 4140 37856 5861
37856 2305 37879 5845
37879 967 37915 4627
37915 280 37936 1314
37936 727 37957 2389
37957 327 37976 2535
37976 650 37992 2567
37992 358 38014 1363
38014 1046 38044 9549
38044 3208 38069 3413
38069 2619 38102 6031
38102 4972 38132 5448
38132 1762 38146 5462
38146 1625 38159 9368
38159 3553 38187 5582
38187 4670 38199 9493
38199 872 38215 5344
38215 1200 38230 1947
38230 227 38247 2140
38247 741 38258 1470
38258 377 38275 7936
38275 1369 38287 2537
38287 3 38310 5199
38310 1083 38313 9327
38313 2451 38319 4929
38319 2755 38355 5461
38355 1220 38374 7505
38374 5361 38386 6784
38386 1003 38424 7081
38424 600 38456 4190
38456 1084 38494 2017
38494 855 38514 7404
38514 109 38526 1999
38526 882 38542 5754
38542 1176 38555 9134
38555 3612 38564 8886
38564 4205 38585 5382
38585 1903 38613 6866
38613 4634 38650 5330
38650 4261 38662 7796
38662 2094 38672 7737
38672 4269 38675 7742
38675 1478 38676 9760
38676 1310 38698 3274
38698 2085 38734 2479
38734 30 38751 3284
38751 2097 38767 2188
38767 960 38780 9597
38780 3618 38789 5693
38789 4367 38827 8067
38827 1256 38859 7098
38859 3175 38860 4309
38860 3066 38890 4599
38890 1411 38919 5257
38919 588 38946 3750
38946 1655 38948 3628
38948 579 38968 9432
31 435
38948 9432
4.00
