30
0 767 95 892
95 229 110 782
110 393 163 536
163 427 239 531
239 481 302 527
302 203 328 960
328 170 414 210
414 46 417 752
417 332 511 713
511 334 599 831
599 782 640 823
640 795 719 982
719 456 767 965
767 515 857 634
857 495 948 521
948 299 1042 603
1042 196 1138 625
1138 413 1223 774
1223 530 1251 957
1251 284 1283 558
1283 247 1364 593
1364 550 1437 638
1437 153 1503 683
1503 134 1536 287
1536 158 1554 568
1554 216 1557 569
1557 169 1631 467
1631 38 1715 976
1715 262 1786 916
1786 304 1861 318
95 229
1786 318
1.00
