80
0 484 31 832
31 747 77 848
77 169 82 756
82 280 139 422
139 88 161 478
161 157 244 330
244 206 264 210
264 45 287 939
287 320 368 696
368 63 441 694
441 480 458 733
458 6 549 918
549 519 573 696
573 600 637 610
637 67 699 693
699 567 744 710
744 481 825 634
825 266 925 947
925 177 983 753
983 668 1036 879
1036 204 1060 848
1060 527 1090 827
1090 742 1136 780
1136 375 1224 948
1224 556 1318 914
1318 199 1398 845
1398 81 1456 467
1456 88 1470 402
1470 395 1554 684
1554 409 1605 590
1605 326 1654 498
1654 248 1692 709
1692 33 1738 750
1738 123 1826 318
1826 312 1872 928
1872 450 1890 729
1890 227 1946 450
1946 143 1995 941
1995 639 2004 743
2004 313 2079 859
2079 309 2096 935
2096 726 2121 852
2121 241 2216 887
2216 564 2243 777
2243 681 2258 689
2258 613 2337 877
2337 128 2414 885
2414 435 2507 515
2507 4 2556 735
2556 67 2620 447
2620 10 2718 252
2718 209 2755 473
2755 316 2837 739
2837 161 2912 490
2912 326 2962 568
2962 370 2984 953
2984 28 3017 985
3017 575 3054 781
3054 392 3136 710
3136 369 3216 890
3216 527 3218 819
3218 476 3306 794
3306 147 3328 770
3328 571 3398 911
3398 484 3482 927
3482 787 3497 828
3497 387 3569 848
3569 51 3604 396
3604 379 3616 404
3616 9 3675 692
3675 163 3681 412
3681 29 3688 592
3688 222 3761 528
3761 194 3814 272
3814 156 3908 273
3908 146 3993 330
3993 116 4078 373
4078 271 4090 310
4090 275 4136 414
4136 338 4167 372
31 747
4136 372
2.00
