100
5
1 2 3 4 5
3
3 5 6
2
5 6
2
5 5
15
307687 253796 812903 565941 779530 458381 935739 850563 547106 943011 284853 212293 902788 951347 921768
15
790469 725418 44721 249558 773277 6257 307218 228823 933459 218874 98633 325949 923089 596451 868981
14
996093 637445 60591 95252 899120 548923 997817 620042 995127 403433 891780 861697 899813 422125
11
674924 277218 733287 875902 839779 167248 535159 701401 612647 235662 925347
10
920496 76006 794135 279545 394721 944923 745578 123279 394202 234109
11
725987 800341 319818 680632 546342 361591 459502 534857 850704 867794 694640
8
724222 400932 26339 760671 34783 763264 120506 793475
6
344103 247869 754608 786566 207341 139969
11
579625 727748 818386 575194 54682 589851 80011 991716 508261 596086 630532
10
355104 220630 352517 676309 365039 548296 889051 433246 148825 885725
9
8821 9741 463 7656 7692 6529 8818 1041 14769
9
786 8480 1490 5501 2394 4691 9608 2679 1643
15
7846 2934 4611 2919 1385 9565 6762 7923 2941 6927 4252 6416 9652 8900 8238
8
2811 1885 8679 6242 7485 9094 1449 3889
2
7490 3895
3
2405 71 2338
6
9629 7525 4526 2106 9763 1871
13
4705 4076 1846 4074 9192 5558 4124 3014 4450 1100 7260 5421 2604
8
8191 1477 9720 3745 5444 69 3338 10600
5
5046 282 8503 3772 15655
10
5261 4507 9450 3572 1963 265 2226 6960 5483 11331
3
3204 7267 4327
5
4086 5366 8815 8236 6467
4
8149 3942 4189 238
11
8495 8892 245 8168 7212 8450 9465 1744 2685 7271 5523
7
8552 7565 7236 7441 4951 5903 3522
12
5853 1988 7984 6751 9075 4610 9789 2637 3329 1883 7010 6223
7
6986 6269 2747 7506 3497 9723 15500
11
1070 9079 135 7144 9359 3842 7361 5124 5017 7034 6045
11
7362 8586 8635 45 1684 7664 5005 205 9608 2563 15217
10
1332 7343 7199 8247 5843 4570 4172 5412 5001 8456
9
9296 2835 6302 4378 9259 7341 9246 3562 14261
3
5745 203 5818
15
3147 5255 9840 9100 628 8575 3665 2119 13 8114 7653 668 436 6049 12030
13
2707 3359 5191 9939 2989 8727 5675 3399 7215 6985 9300 8068 15224
5
3441 4891 8603 8116 8261
14
1021 6975 201 9761 9602 9347 9386 8903 8618 3349 4639 786 4002 8191
8
3405 9088 8140 2273 7900 8193 469 1768
3
2593 7757 5228
14
5017 202 5510 1554 7 8665 3165 9251 4925 5461 1089 8016 8455 7551
4
6241 9937 6226 9954
9
7122 1157 2417 1922 5583 7833 2942 2849 6829
8
7759 8821 8623 6242 4901 6880 8542 11628
14
8794 7722 8134 3687 6211 8610 8284 5985 8150 8800 6841 5106 6783 3471
6
9212 7616 7467 6378 4366 4312
10
1056 5055 7714 2557 7848 9420 2168 4957 8074 16011
5
1957 2449 5499 5524 3803
4
8156 6643 1382 7074
3
9108 9445 1905
3
4266 3999 7989
14
7008 9299 3357 1677 3256 8949 7592 6785 7869 9949 6462 1382 151 2040
14
3505 2455 5872 9002 8310 7262 4269 526 2239 9536 3581 2153 7563 10903
13
2945 6409 6800 5150 2483 7951 3146 806 323 5830 4742 1313 1524
11
9369 3251 2101 1810 1131 6254 4288 7808 4023 3530 14133
7
1852 1428 5567 6832 4555 5903 2915
13
7704 5843 7254 5379 9600 8401 2232 457 9640 903 1222 211 12164
6
911 4196 7777 9845 2212 9051
11
5291 4030 9615 1892 3018 1413 4720 7762 5900 9652 2347
15
8692 3178 2030 2426 3617 3748 6325 562 3653 764 1796 2142 7529 5552 12850
10
3256 9596 8760 9096 3626 3590 8215 2489 3266 3380
13
5579 4016 6851 7588 1410 1890 6707 3182 779 9813 3383 7285 15805
7
7646 6487 4695 8086 4644 5805 3521
12
3091 7519 7869 8493 182 1109 8236 2665 7051 5718 9500 10427
12
992 8418 7120 5545 5429 5598 8578 5288 3122 2719 2560 5752
9
4841 2510 8691 2359 7848 6484 2543 9165 7741
3
4056 9528 567
5
9730 7222 6358 7810 15456
14
8336 1021 2447 3287 7525 8691 7271 7500 1438 7567 2017 1421 3468 3193
10
6027 6295 5231 4111 1152 4509 3966 7279 8886 12230
7
860 1755 1517 1643 5839 1884 6034
8
341 6316 9618 1267 6885 7419 3082 6867
14
6440 8464 4103 4191 8553 1383 7106 557 6940 3450 1666 3159 7949 1599
15
4713 9562 9319 2173 9514 7888 188 8161 5165 1249 7348 9766 5790 8735 6537
3
5255 6146 2325
7
220 6219 3987 4204 8573 8000 5423
5
4088 9334 3670 9873 841
9
6206 9099 9301 3953 71 2484 5713 4029 6679
15
6065 3560 6661 4322 6269 7367 287 9489 1979 2227 4812 7632 1977 9675 4716
9
2676 3436 719 4300 6350 2799 2846 279 3379
7
4376 2811 9229 2484 195 6883 11386
5
4808 3497 7717 8194 8518
3
2784 2667 139
12
2617 8275 3838 4234 7528 1770 2157 2050 9050 8750 3243 8748
2
6456 4969
3
6712 609 6233
4
5493 6035 9836 9354
10
2697 1830 3878 8188 6312 3856 1890 9972 7631 13972
3
8790 7648 16310
12
8292 7024 6336 9676 468 2172 9243 4470 2132 3416 4603 11818
9
9479 9338 5133 142 2662 996 601 4852 3430
13
6703 3041 7191 1275 6387 1540 3737 9250 1451 9831 4748 8496 11550
2
1879 4421
3
9184 5082 12346
8
2994 1252 8098 9896 8123 8236 3128 1523
5
4200 9875 7404 1754 11469
14
2099 5771 6927 7640 7363 1990 8203 9152 5229 9513 5727 8921 2802 3985
