65
51
25
18
51
7
35
61
9
3
0
50
14
54
57
0
65
65
65
65
65
65
62
65
65
65
60
65
55
65
65
65
65
65
65
54
65
65
65
65
65
65
65
61
65
65
65
65
65
65
65
57
64
65
65
60
65
65
65
65
65
65
65
65
56
59
65
65
65
65
65
65
65
65
58
65
65
65
65
65
65
56
65
53
65
65
65
65
65
65
64
65
65
65
65
59
65
65
65
65
51
65
65
65
55
65
65
52
65
58
65
65
65
65
59
65
65
63
65
65
65
65
65
65
65
65
61
55
65
65
65
65
53
65
65
65
65
65
65
62
53
55
65
65
65
65
65
60
65
65
65
57
65
65
65
65
65
65
65
65
65
65
65
63
65
57
65
65
54
65
65
65
65
65
65
65
65
65
65
60
65
