57
57
57
57
57
57
57
57
57
57
57
57
57
57
57
57
46
57
57
44
57
44
57
57
28
57
57
57
57
57
57
57
57
57
57
41
51
57
29
57
57
57
38
57
51
30
57
57
57
46
57
19
57
57
57
57
16
45
57
57
57
57
19
57
18
57
57
57
57
56
51
52
29
44
57
38
57
57
57
22
57
57
57
57
19
57
57
57
54
57
57
24
26
15
57
26
54
57
51
57
57
44
57
57
57
57
57
45
57
47
40
52
52
57
57
16
35
52
57
51
54
23
57
31
57
57
57
56
57
57
22
57
57
56
57
57
57
57
57
57
56
45
57
57
57
57
56
57
49
57
57
56
57
57
50
55
52
44
57
57
50
57
47
38
15
57
57
57
22
57
57
56
57
57
57
57
46
23
45
38
56
42
54
57
17
38
15
57
57
15
42
15
44
