52
4
52
23
48
18
52
52
15
36
52
52
11
36
23
52
52
52
52
23
22
52
28
52
45
52
52
7
52
52
8
4
52
52
52
52
15
43
52
8
52
12
16
52
7
27
52
13
52
52
39
52
52
48
52
25
29
16
9
52
52
52
52
52
52
18
31
52
52
52
52
52
52
52
2
52
52
52
2
43
50
52
16
52
52
52
52
27
34
52
4
52
16
52
52
52
52
52
44
52
44
31
34
39
52
26
52
52
52
52
52
52
44
0
52
51
45
52
52
38
7
52
30
52
52
29
8
2
7
13
52
52
52
27
52
52
52
7
4
52
31
52
11
52
44
52
52
6
52
52
43
52
52
4
52
52
52
52
52
29
52
52
46
39
52
16
9
40
28
30
52
52
50
52
18
43
52
7
18
52
4
52
22
52
4
31
34
52
40
3
52
7
26
11
18
52
39
52
23
52
12
