186
228758110 392156760
421568517 392156760
323529327 392156760
150326758 392156760
503267842 392156760
160130677 392156760
415032571 392156760
140522839 392156760
49019595 392156760
490195950 392156760
336601219 392156760
16339865 392156760
356209057 392156760
192810407 392156760
107843109 392156760
274509732 392156760
464052166 392156760
470588112 392156760
186274461 392156760
382352841 392156760
467320139 392156760
431372436 392156760
6535946 392156760
483660004 392156760
486927977 392156760
65359460 392156760
303921489 392156760
558823383 392156760
294117570 392156760
78431352 392156760
601307032 392156760
313725408 392156760
513071761 392156760
75163379 392156760
287581624 392156760
398692706 392156760
127450947 392156760
58823514 392156760
594771086 392156760
408496625 392156760
477124058 392156760
588235140 392156760
94771217 392156760
310457435 392156760
437908382 392156760
202614326 392156760
32679730 392156760
539215545 392156760
352941084 392156760
26143784 392156760
584967167 392156760
290849597 392156760
169934596 392156760
153594731 392156760
254901894 392156760
267973786 392156760
81699325 392156760
13071892 392156760
575163248 392156760
516339734 392156760
552287437 392156760
542483518 392156760
215686218 392156760
147058785 392156760
532679599 392156760
392156760 392156760
114379055 392156760
366012976 392156760
42483649 392156760
133986893 392156760
434640409 392156760
248365948 392156760
88235271 392156760
179738515 392156760
418300544 392156760
163398650 392156760
218954191 392156760
598039059 392156760
241830002 392156760
401960679 392156760
297385543 392156760
271241759 392156760
52287568 392156760
460784193 392156760
375816895 392156760
529411626 392156760
264705813 392156760
450980274 392156760
359477030 392156760
235294056 392156760
300653516 392156760
372548922 392156760
261437840 392156760
349673111 392156760
316993381 392156760
480392031 392156760
545751491 392156760
189542434 392156760
343137165 392156760
457516220 392156760
473856085 392156760
19607838 392156760
307189462 392156760
29411757 392156760
565359329 392156760
499999869 392156760
506535815 392156760
578431221 392156760
604575005 392156760
111111082 392156760
411764598 392156760
571895275 392156760
91503244 392156760
124182974 392156760
493463923 392156760
284313651 392156760
369280949 392156760
428104463 392156760
156862704 392156760
447712301 392156760
526143653 392156760
522875680 392156760
199346353 392156760
330065273 392156760
379084868 392156760
385620814 392156760
39215676 392156760
166666623 392156760
35947703 392156760
519607707 392156760
212418245 392156760
405228652 392156760
424836490 392156760
326797300 392156760
562091356 392156760
22875811 392156760
549019464 392156760
591503113 392156760
71895406 392156760
581699194 392156760
104575136 392156760
173202569 392156760
205882299 392156760
3267973 392156760
143790812 392156760
176470542 392156760
509803788 392156760
130718920 392156760
320261354 392156760
395424733 392156760
238562029 392156760
225490137 392156760
362745003 392156760
0 392156760
535947572 392156760
277777705 392156760
454248247 392156760
137254866 392156760
84967298 392156760
251633921 392156760
555555410 392156760
101307163 392156760
55555541 392156760
339869192 392156760
117647028 392156760
568627302 392156760
196078380 392156760
183006488 392156760
222222164 392156760
281045678 392156760
98039190 392156760
333333246 392156760
45751622 392156760
9803919 392156760
232026083 392156760
388888787 392156760
346405138 392156760
245097975 392156760
62091487 392156760
444444328 392156760
496731896 392156760
68627433 392156760
120915001 392156760
441176355 392156760
258169867 392156760
209150272 392156760
