51
10
47
51
51
51
51
51
43
51
51
47
51
51
51
51
51
29
46
51
51
22
38
51
51
51
25
51
48
51
51
14
48
51
51
45
51
46
48
51
48
10
51
51
51
30
51
51
51
51
18
13
51
45
37
51
36
51
35
43
51
51
51
51
51
50
42
51
33
45
49
45
46
48
48
47
51
25
49
48
51
51
51
49
51
51
50
51
51
45
51
48
51
40
46
48
48
51
51
51
48
48
51
51
51
51
51
9
24
51
51
51
47
48
48
51
45
15
42
51
26
51
46
51
51
44
51
51
51
33
51
51
51
40
51
51
48
51
51
51
51
51
43
18
13
51
5
51
51
48
51
51
51
51
43
51
20
33
51
51
42
51
27
15
21
40
32
48
45
51
45
13
51
13
51
48
48
45
51
51
51
24
29
51
51
51
51
46
51
46
51
51
43
43
51
51
12
