66
63
64
50
66
66
66
63
66
66
66
52
66
55
63
66
49
66
66
66
59
66
65
66
66
66
66
47
66
45
66
66
48
66
66
45
60
66
66
66
62
66
66
66
48
66
66
66
66
54
66
66
45
66
66
55
51
66
66
66
66
66
66
66
66
66
59
66
66
66
66
66
66
66
66
63
66
66
66
59
61
46
50
66
66
58
66
52
66
55
61
46
57
66
54
49
66
66
66
53
66
66
66
47
66
66
66
66
66
66
66
62
66
66
66
66
66
57
65
66
66
66
66
66
51
66
59
66
66
66
66
66
61
64
50
66
66
66
66
66
66
66
66
66
66
66
66
66
66
49
60
60
64
56
66
66
48
66
66
66
56
66
66
66
52
66
66
66
66
65
47
66
51
66
66
62
59
53
58
66
66
66
66
66
66
54
66
56
66
66
66
46
58
66
66
66
66
57
66
53
66
