192
0 1
1 2
493904547 78715749
161454995 72229970
164311828 71744237
163714715 74167746
160615985 76425845
497679013 74507164
493415124 79261088
493575264 80206921
493589562 77616309
499659907 67767615
163243353 76761511
497347157 74895932
833016366 72975834
9969 28637
30862 26391
9804 2810
10995 28984
5794 17558
15464 28076
279 21057
13892 15635
7192 39969
45866 1434
14832 1704
23553 2704
48113 2307
28736 907
13041 5119
42039 16023
8336 21306
17789 762
3354 10503
22010 37249
25825 12432
6557 16531
13925 43342
12481 9604
41489 14507
34327 13831
14025 34664
49240 1992
25176 30431
10119 36067
39977 12242
4907 16247
42501 8431
21404 18377
54103 3336
3704 48664
50976 4077
41634 1380
47353 7234
34044 10291
978 54824
16529 22565
4500 12087
34443 130
11707 13253
1986 25309
8012 45729
47710 11732
5261 48479
10432 5239
31805 22378
35460 5997
34591 13643
24163 8071
25865 22448
26998 20383
14747 45113
16049 27265
37977 20228
7402 34814
53447 5243
3601 7898
4954 6957
8046 41457
7398 15025
28780 194
18836 5149
43903 6336
10015 43979
31593 14028
37252 21275
56366 361
25214 10263
22456 1243
26056 112
913 47461
5515 42244
2861 54952
40593 2137
12638 44201
28305 27808
9928 21493
25506 29779
10376 17584
19597 10930
17338 24548
4201 6149
30692 10962
6690 3830
43191 9165
39690 1095
13641 25605
19382 1601
7205 31144
14035 33697
21035 15169
27055 11180
44149 2674
33321 13707
3870 52224
14944 35409
18772 17461
40280 8621
25689 25688
20162 15391
11671 47465
38853 5568
12687 38467
34788 10044
2649 25882
33376 16839
7693 26730
3807 16182
4362 8457
3757 45435
32624 6196
1952 22456
16810 17656
35346 9490
648 11204
38354 19915
51600 8285
43224 11163
11394 4354
5288 28108
9977 29919
44418 11348
46058 11702
8130 20574
49010 6981
4416 28511
32471 5592
8673 29344
7333 349
1142 20181
29500 22753
49096 526
17375 688
508 37448
9278 25576
26577 19477
12594 30587
8230 1073
452 10084
16246 21445
53985 2492
22255 25759
153 41920
4674 51882
38256 5611
45563 3849
4492 6367
2307 46856
11317 1408
42727 4535
1287 31952
38202 16480
36099 5427
36610 4752
14746 10069
23974 34999
11277 45029
4214 34815
12201 34471
29049 21482
17862 31022
24306 11242
35767 6818
9518 47397
15456 33231
955 56328
2140 8154
47793 6163
3531 53384
14904 32141
3859 54233
20802 28212
