200
0 186 8 855
8 707 41 922
41 64 55 830
55 83 120 380
120 130 147 283
147 175 234 580
234 503 326 758
326 755 415 859
415 282 416 996
416 5 513 763
513 240 543 244
543 115 631 836
631 655 641 829
641 137 662 925
662 805 663 863
663 728 748 812
748 327 785 786
785 19 874 761
874 627 962 661
962 259 983 793
983 110 1008 281
1008 113 1012 171
1012 109 1017 300
1017 215 1110 709
1110 512 1143 611
1143 282 1235 583
1235 220 1317 509
1317 152 1347 922
1347 759 1369 905
1369 859 1426 981
1426 539 1484 914
1484 180 1493 721
1493 627 1524 648
1524 582 1592 911
1592 596 1594 611
1594 293 1635 757
1635 327 1729 573
1729 151 1809 675
1809 601 1837 663
1837 171 1881 764
1881 234 1966 993
1966 300 2023 318
2023 307 2074 325
2074 230 2138 724
2138 496 2180 601
2180 217 2198 945
2198 326 2201 991
2201 618 2276 691
2276 601 2367 799
2367 227 2425 757
2425 443 2504 600
2504 560 2512 830
2512 470 2561 731
2561 295 2566 674
2566 16 2647 297
2647 99 2672 219
2672 42 2679 772
2679 477 2695 595
2695 196 2728 804
2728 430 2749 916
2749 186 2843 621
2843 576 2861 818
2861 582 2869 756
2869 711 2870 740
2870 321 2885 927
2885 424 2953 879
2953 718 2963 891
2963 560 3002 885
3002 453 3062 685
3062 201 3106 544
3106 227 3136 470
3136 31 3218 884
3218 190 3233 645
3233 60 3286 605
3286 35 3292 527
3292 181 3304 963
3304 551 3315 848
3315 431 3381 974
3381 497 3427 664
3427 445 3487 764
3487 487 3580 649
3580 275 3656 507
3656 62 3710 501
3710 74 3793 445
3793 162 3840 384
3840 324 3931 483
3931 459 3953 693
3953 265 4019 605
4019 181 4090 894
4090 272 4138 827
4138 243 4231 279
4231 74 4300 877
4300 521 4374 659
4374 595 4423 846
4423 141 4497 890
4497 386 4502 799
4502 690 4563 839
4563 187 4613 757
4613 505 4658 524
4658 317 4721 627
4721 168 4746 853
4746 275 4835 469
4835 234 4901 674
4901 174 4969 999
4969 315 5047 681
5047 370 5066 899
5066 722 5103 762
5103 711 5184 819
5184 489 5201 751
5201 574 5264 937
5264 375 5354 631
5354 543 5379 944
5379 426 5398 812
5398 385 5469 517
5469 97 5564 680
5564 391 5579 397
5579 100 5611 544
5611 123 5699 414
5699 8 5718 294
5718 56 5810 284
5810 177 5842 916
5842 490 5861 929
5861 655 5927 820
5927 708 5932 758
5932 161 5960 748
5960 479 6046 838
6046 551 6063 653
6063 256 6160 806
6160 65 6180 731
6180 237 6200 316
6200 253 6235 311
6235 268 6321 622
6321 321 6401 391
6401 195 6430 494
6430 245 6474 629
6474 305 6531 741
6531 163 6571 498
6571 357 6652 440
6652 265 6658 824
6658 674 6749 733
6749 481 6805 729
6805 341 6819 782
6819 243 6913 574
6913 299 6918 453
6918 307 6942 674
6942 450 7005 912
7005 322 7081 500
7081 478 7160 736
7160 432 7204 981
7204 640 7238 988
7238 450 7299 840
7299 520 7399 690
7399 194 7443 896
7443 633 7492 710
7492 294 7532 763
7532 117 7630 869
7630 277 7644 596
7644 185 7714 592
7714 132 7777 193
7777 113 7813 665
7813 211 7832 360
7832 186 7908 983
7908 621 7969 920
7969 357 8049 961
8049 738 8095 780
8095 4 8117 868
8117 156 8190 960
8190 530 8273 830
8273 797 8280 811
8280 312 8369 950
8369 501 8397 681
8397 172 8486 801
8486 248 8538 907
8538 299 8570 957
8570 384 8628 628
8628 324 8713 950
8713 221 8787 982
8787 397 8815 883
8815 538 8835 711
8835 337 8876 581
8876 72 8926 559
8926 330 8930 519
8930 50 8940 820
8940 467 9002 809
9002 223 9039 850
9039 474 9058 905
9058 395 9150 964
9150 250 9161 573
9161 58 9250 688
9250 154 9265 817
9265 297 9348 657
9348 272 9411 584
9411 165 9472 768
9472 350 9513 680
9513 21 9571 799
9571 21 9615 128
9615 31 9690 533
9690 71 9753 671
9753 65 9817 650
9817 106 9843 333
8 707
9817 333
3.00
