500
0 436 2 963
2 319 45 895
45 50 54 341
54 214 73 413
73 180 146 540
146 298 174 390
174 361 262 771
262 649 356 924
356 384 411 742
411 103 487 484
487 38 490 834
490 201 541 725
541 677 586 929
586 59 630 855
630 634 703 788
703 551 718 830
718 626 733 917
733 534 831 697
831 213 848 554
848 107 911 327
911 158 953 505
953 402 1029 997
1029 516 1066 806
1066 743 1134 991
1134 116 1143 830
1143 176 1209 193
1209 111 1236 928
1236 155 1311 568
1311 107 1358 479
1358 117 1361 263
1361 236 1387 477
1387 65 1392 323
1392 34 1432 181
1432 74 1512 740
1512 336 1530 672
1530 427 1616 592
1616 517 1678 553
1678 246 1720 779
1720 172 1727 347
1727 305 1732 350
1732 263 1798 983
1798 133 1856 296
1856 69 1924 545
1924 453 1927 489
1927 300 1962 842
1962 398 2052 901
2052 618 2086 723
2086 498 2126 925
2126 567 2161 897
2161 334 2239 619
2239 33 2273 818
2273 245 2352 506
2352 314 2400 931
2400 396 2446 456
2446 143 2490 670
2490 146 2590 211
2590 42 2651 320
2651 131 2673 548
2673 254 2773 619
2773 336 2812 915
2812 522 2869 878
2869 8 2957 644
2957 510 2975 518
2975 370 3049 846
3049 20 3084 752
3084 134 3085 344
3085 67 3158 425
3158 192 3198 277
3198 261 3237 614
3237 301 3316 357
3316 80 3388 965
3388 52 3421 209
3421 153 3461 222
3461 73 3490 926
3490 604 3556 705
3556 677 3645 693
3645 525 3716 987
3716 668 3816 911
3816 46 3819 771
3819 295 3891 746
3891 362 3974 373
3974 262 3979 535
3979 110 4069 302
4069 248 4098 692
4098 413 4156 715
4156 89 4211 822
4211 213 4283 917
4283 352 4365 811
4365 32 4464 871
4464 155 4539 886
4539 32 4588 865
4588 47 4636 484
4636 212 4668 697
4668 298 4729 932
4729 144 4743 939
4743 377 4766 777
4766 137 4777 948
4777 327 4822 720
4822 400 4889 843
4889 375 4946 820
4946 77 5034 881
5034 650 5072 716
5072 61 5083 674
5083 337 5097 815
5097 605 5182 700
5182 371 5212 907
5212 380 5284 571
5284 169 5307 583
5307 44 5396 690
5396 667 5427 679
5427 583 5482 902
5482 517 5518 692
5518 669 5615 982
5615 577 5643 998
5643 519 5655 885
5655 301 5661 627
5661 7 5701 557
5701 137 5724 289
5724 255 5810 657
5810 283 5883 407
5883 41 5916 744
5916 234 5977 711
5977 152 5980 886
5980 388 6029 839
6029 542 6047 769
6047 139 6094 700
6094 235 6172 584
6172 130 6188 390
6188 185 6268 797
6268 237 6305 734
6305 617 6369 948
6369 626 6449 823
6449 663 6510 802
6510 535 6570 995
6570 562 6633 612
6633 337 6663 852
6663 797 6664 851
6664 75 6684 858
6684 320 6744 908
6744 224 6794 590
6794 40 6795 906
6795 111 6804 734
6804 186 6820 640
6820 352 6920 889
6920 245 6951 363
6951 141 6965 554
6965 172 6994 233
6994 227 7092 547
7092 192 7094 356
7094 33 7166 374
7166 263 7204 560
7204 336 7211 486
7211 93 7228 668
7228 31 7325 394
7325 109 7406 927
7406 211 7458 895
7458 276 7516 413
7516 273 7589 375
7589 310 7681 480
7681 373 7710 572
7710 298 7792 789
7792 729 7847 882
7847 119 7902 759
7902 517 7912 682
7912 288 7934 836
7934 346 7950 477
7950 138 8002 965
8002 15 8101 801
8101 234 8177 754
8177 508 8188 675
8188 163 8255 532
8255 241 8297 564
8297 52 8388 682
8388 76 8453 542
8453 300 8544 852
8544 324 8555 713
8555 431 8626 794
8626 320 8713 655
8713 585 8746 735
8746 520 8835 643
8835 274 8895 522
8895 12 8923 938
8923 109 8978 328
8978 141 9040 771
9040 41 9049 541
9049 251 9107 502
9107 438 9115 852
9115 774 9170 797
9170 542 9247 818
9247 490 9318 985
9318 82 9341 778
9341 283 9386 597
9386 379 9463 653
9463 166 9496 766
9496 638 9529 706
9529 607 9541 833
9541 466 9549 855
9549 522 9635 734
9635 514 9718 696
9718 6 9812 873
9812 465 9903 671
9903 519 9907 625
9907 216 10006 736
10006 256 10036 943
10036 236 10087 472
10087 133 10115 772
10115 152 10117 685
10117 179 10148 333
10148 64 10172 625
10172 175 10228 223
10228 26 10243 669
10243 248 10297 373
10297 267 10336 583
10336 75 10423 816
10423 221 10445 295
10445 184 10508 278
10508 245 10588 361
10588 345 10624 351
10624 15 10660 933
10660 309 10687 907
10687 395 10756 500
10756 297 10830 521
10830 82 10911 455
10911 58 11009 292
11009 159 11027 947
11027 935 11050 935
11050 347 11140 953
11140 220 11216 902
11216 635 11309 808
11309 105 11323 637
11323 188 11403 976
11403 544 11494 848
11494 787 11510 887
11510 382 11528 888
11528 447 11620 951
11620 569 11700 733
11700 421 11749 825
11749 19 11817 731
11817 276 11838 385
11838 165 11864 909
11864 376 11950 542
11950 19 11998 795
11998 177 12098 429
12098 285 12169 953
12169 370 12238 999
12238 311 12285 790
12285 679 12316 850
12316 613 12362 949
12362 163 12392 957
12392 235 12436 283
12436 57 12456 640
12456 626 12480 652
12480 187 12551 763
12551 403 12636 521
12636 32 12666 483
12666 40 12728 954
12728 474 12807 875
12807 710 12834 802
12834 109 12882 927
12882 111 12972 545
12972 259 13071 386
13071 268 13124 399
13124 33 13202 498
13202 320 13220 990
13220 704 13265 723
13265 527 13290 951
13290 602 13308 858
13308 610 13386 954
13386 765 13475 827
13475 391 13499 824
13499 352 13567 397
13567 355 13580 869
13580 546 13625 601
13625 197 13704 910
13704 582 13715 902
13715 404 13717 997
13717 765 13737 833
13737 356 13779 898
13779 364 13808 961
13808 680 13831 985
13831 696 13846 970
13846 733 13859 813
13859 101 13867 995
13867 650 13900 938
13900 450 13995 855
13995 13 14039 900
14039 157 14087 834
14087 250 14113 436
14113 398 14143 630
14143 247 14182 749
14182 475 14248 666
14248 219 14252 614
14252 431 14332 516
14332 115 14354 622
14354 545 14452 958
14452 333 14495 647
14495 417 14591 549
14591 111 14609 831
14609 406 14616 443
14616 44 14625 614
14625 94 14681 337
14681 19 14685 645
14685 309 14762 450
14762 326 14846 608
14846 411 14927 622
14927 372 15009 996
15009 514 15014 803
15014 418 15094 924
15094 139 15132 546
15132 156 15211 410
15211 207 15287 316
15287 301 15308 303
15308 77 15359 634
15359 323 15422 490
15422 340 15512 349
15512 76 15516 785
15516 192 15573 838
15573 330 15669 548
15669 376 15697 831
15697 167 15750 880
15750 284 15807 516
15807 408 15877 816
15877 575 15907 687
15907 438 15931 852
15931 144 15969 529
15969 427 15978 966
15978 207 16017 972
16017 608 16030 640
16030 486 16045 901
16045 377 16052 575
16052 377 16082 500
16082 26 16167 811
16167 393 16203 469
16203 297 16256 768
16256 324 16259 747
16259 170 16337 346
16337 219 16399 258
16399 138 16479 261
16479 221 16512 936
16512 805 16605 813
16605 277 16614 879
16614 430 16713 583
16713 456 16794 526
16794 143 16836 873
16836 562 16842 637
16842 255 16940 901
16940 344 16951 366
16951 246 16962 456
16962 254 17012 390
17012 308 17063 764
17063 657 17076 760
17076 450 17133 835
17133 666 17179 867
17179 697 17264 988
17264 440 17357 705
17357 371 17381 572
17381 332 17424 482
17424 402 17435 616
17435 15 17489 514
17489 385 17543 943
17543 647 17607 842
17607 496 17634 910
17634 544 17719 892
17719 619 17800 689
17800 334 17890 731
17890 372 17908 866
17908 469 17952 655
17952 143 18029 498
18029 249 18077 453
18077 47 18090 770
18090 494 18174 727
18174 352 18266 668
18266 120 18326 772
18326 33 18371 353
18371 90 18407 394
18407 211 18475 518
18475 270 18487 931
18487 287 18566 752
18566 541 18588 683
18588 561 18683 743
18683 505 18723 860
18723 320 18751 975
18751 121 18811 957
18811 191 18835 377
18835 150 18934 522
18934 496 19001 908
19001 521 19011 632
19011 137 19045 820
19045 263 19090 609
19090 336 19109 828
19109 593 19184 621
19184 26 19220 784
19220 214 19289 218
19289 123 19316 367
19316 292 19321 638
19321 105 19388 855
19388 196 19443 264
19443 250 19526 353
19526 298 19575 322
19575 79 19618 520
19618 329 19709 957
19709 364 19751 513
19751 171 19828 957
19828 681 19855 863
19855 441 19877 768
19877 28 19942 443
19942 45 19958 90
19958 27 20050 334
20050 256 20135 697
20135 618 20184 703
20184 25 20189 891
20189 660 20209 762
20209 198 20274 993
20274 540 20350 733
20350 285 20362 832
20362 421 20450 539
20450 201 20464 774
20464 512 20516 860
20516 602 20614 743
20614 599 20696 653
20696 237 20791 695
20791 258 20860 484
20860 23 20877 323
20877 49 20953 688
20953 162 21030 344
21030 8 21111 786
21111 154 21196 470
21196 310 21233 839
21233 417 21274 568
21274 554 21311 718
21311 205 21328 590
21328 338 21341 398
21341 112 21404 477
21404 222 21486 310
21486 221 21516 464
21516 38 21552 932
21552 0 21625 321
21625 161 21668 509
21668 109 21710 879
21710 149 21728 580
21728 460 21798 890
21798 580 21871 881
21871 765 21943 859
21943 490 21957 984
21957 26 21964 861
21964 385 22053 505
22053 218 22076 593
22076 328 22135 866
22135 413 22177 548
22177 224 22178 830
22178 184 22186 235
22186 136 22212 851
22212 334 22301 525
22301 208 22331 458
22331 437 22407 998
22407 215 22504 620
22504 600 22531 608
22531 575 22575 862
22575 527 22664 683
22664 414 22680 841
22680 58 22714 763
22714 377 22717 386
22717 72 22745 466
22745 239 22816 318
22816 310 22881 434
22881 261 22978 627
22978 525 23002 760
23002 82 23058 697
23058 159 23118 673
23118 105 23218 262
23218 55 23240 619
23240 106 23333 527
23333 205 23398 604
23398 512 23399 895
23399 322 23435 875
23435 555 23535 686
23535 178 23555 772
23555 231 23609 454
23609 400 23674 722
23674 310 23767 407
23767 72 23862 606
23862 119 23883 193
23883 115 23940 673
23940 132 23953 384
23953 267 24016 396
24016 100 24021 281
24021 218 24090 395
24090 88 24131 297
24131 203 24212 402
24212 239 24240 746
24240 39 24255 692
24255 141 24315 596
24315 575 24404 806
24404 625 24477 787
24477 163 24489 657
24489 587 24570 852
24570 721 24621 984
24621 242 24696 848
24696 173 24741 252
24741 142 24760 672
2 319
24741 672
1.00
