800
0 2935 69 3178
69 2510 92 9267
92 5861 94 6621
94 673 112 6506
112 3310 167 5405
167 1589 223 9424
223 72 250 4103
250 2432 276 3884
276 2804 331 8152
331 6660 373 7638
373 5470 400 9460
400 1494 444 5790
444 5294 512 7653
512 3720 542 8708
542 5014 618 6900
618 5278 627 6847
627 3406 699 7912
699 1802 746 3831
746 308 776 3884
776 2240 836 8055
836 7201 886 8048
886 3416 953 9046
953 3817 993 5762
993 1178 998 9993
998 5851 1035 6891
1035 587 1099 6907
1099 3414 1176 6516
1176 741 1229 7498
1229 226 1278 9007
1278 2688 1290 2816
1290 1736 1357 8916
1357 4292 1383 6372
1383 1213 1431 8738
1431 718 1456 5655
1456 2442 1504 4049
1504 3824 1548 6439
1548 6129 1616 8083
1616 3977 1663 7956
1663 5865 1733 9465
1733 4055 1742 8164
1742 3568 1790 7395
1790 3771 1818 6079
1818 5603 1851 5745
1851 4703 1897 8888
1897 4343 1918 6581
1918 2701 1943 6152
1943 1339 2006 3660
2006 1602 2076 1710
2076 879 2106 4430
2106 4275 2152 9974
2152 5098 2184 7761
2184 5846 2191 9513
2191 7646 2204 9176
2204 8502 2244 9165
2244 375 2322 8796
2322 4155 2332 5370
2332 4309 2404 4746
2404 2034 2445 4675
2445 361 2491 7306
2491 1890 2549 3747
2549 3707 2564 9846
2564 859 2612 4810
2612 2884 2652 6009
2652 3455 2685 3638
2685 139 2700 4715
2700 4205 2774 5559
2774 4757 2777 7943
2777 2039 2839 9601
2839 137 2915 8632
2915 685 2956 1276
2956 310 2993 8685
2993 3797 3035 9138
3035 4399 3078 6481
3078 3544 3129 5406
3129 4272 3156 4535
3156 2591 3169 4943
3169 193 3247 3705
3247 1384 3260 7952
3260 6308 3264 6895
3264 574 3308 9437
3308 1326 3327 6961
3327 2267 3399 9530
3399 3514 3450 5501
3450 3264 3471 4685
3471 2666 3518 7654
3518 4137 3562 6254
3562 3408 3566 4497
3566 3433 3595 9152
3595 4061 3651 4846
3651 389 3655 7390
3655 3322 3685 5002
3685 2771 3710 8736
3710 7967 3775 8927
3775 3215 3785 8088
3785 2873 3812 3345
3812 1139 3871 5955
3871 3610 3881 4715
3881 2995 3949 8681
3949 6332 4001 6754
4001 3148 4032 7074
4032 383 4038 5835
4038 1529 4083 8581
4083 2411 4115 3593
4115 193 4137 8137
4137 4502 4216 6141
4216 3102 4256 9578
4256 1507 4319 7964
4319 6184 4369 9253
4369 1401 4408 8179
4408 3733 4474 7845
4474 524 4509 8703
4509 4505 4527 6764
4527 2044 4592 9841
4592 6966 4615 8908
4615 5321 4662 8495
4662 6819 4741 9449
4741 4512 4757 9040
4757 2628 4796 6407
4796 3427 4798 7437
4798 2657 4805 7040
4805 1273 4851 8974
4851 5762 4908 5821
4908 615 4945 8591
4945 3257 5003 8309
5003 5601 5035 6416
5035 5080 5083 6611
5083 5483 5118 6307
5118 2713 5121 6312
5121 3343 5129 6687
5129 3037 5158 5315
5158 3612 5231 4081
5231 1034 5303 5903
5303 1624 5346 4543
5346 1872 5367 4830
5367 1071 5447 7614
5447 5616 5467 5934
5467 4183 5471 6481
5471 5163 5474 7041
5474 6543 5481 9211
5481 7336 5501 7897
5501 159 5543 8932
5543 1437 5623 4295
5623 3968 5691 5930
5691 5115 5739 5600
5739 4443 5784 9827
5784 9348 5849 9564
5849 568 5877 9594
5877 1205 5953 4909
5953 1205 6024 2550
6024 2416 6073 4687
6073 3511 6089 4348
6089 502 6169 9611
6169 3255 6170 8522
6170 7628 6202 9738
6202 8518 6213 9660
6213 6521 6264 9155
6264 7524 6332 7811
6332 3282 6360 9067
6360 185 6370 4211
6370 780 6384 2556
6384 892 6401 1026
6401 806 6447 3484
6447 316 6475 4252
6475 3845 6539 5602
6539 768 6558 7699
6558 924 6597 4092
6597 1156 6608 6681
6608 468 6668 2133
6668 709 6703 4079
6703 3874 6778 8296
6778 6764 6835 6964
6835 692 6894 9840
6894 2845 6907 5253
6907 4846 6969 5012
6969 2797 7000 9268
7000 1421 7079 4962
7079 1038 7113 3851
7113 2795 7160 6853
7160 1167 7210 5463
7210 39 7279 2923
7279 1056 7340 1058
7340 945 7358 5121
7358 1848 7364 2897
7364 1025 7426 7423
7426 1864 7500 3336
7500 1951 7564 2570
7564 1989 7572 2148
7572 1805 7602 9333
7602 3740 7622 4362
7622 3560 7658 4099
7658 648 7713 8821
7713 2801 7783 5226
7783 1304 7845 4605
7845 3009 7875 4260
7875 531 7879 4496
7879 41 7958 690
7958 460 8011 5522
8011 719 8023 7469
8023 2587 8033 3496
8033 2636 8088 2733
8088 1434 8092 4278
8092 1713 8118 2938
8118 422 8165 9941
8165 3318 8229 8974
8229 4011 8253 9776
8253 2115 8307 7084
8307 1096 8319 3056
8319 1378 8357 1910
8357 27 8379 8097
8379 6356 8419 7683
8419 1793 8492 8208
8492 4029 8556 5979
8556 2482 8581 9851
8581 4719 8646 6326
8646 993 8691 9685
8691 3134 8750 7932
8750 2863 8815 4701
8815 3464 8882 7779
8882 7756 8903 9467
8903 2074 8922 7777
8922 473 8994 6266
8994 3096 9074 5581
9074 2956 9092 4864
9092 219 9094 4868
9094 2703 9117 4693
9117 2426 9156 4453
9156 957 9196 8544
9196 2831 9257 6265
9257 400 9314 3007
9314 1663 9358 5069
9358 1780 9427 2871
9427 1872 9487 5266
9487 1580 9533 8590
9533 3207 9603 8173
9603 6181 9651 9887
9651 5320 9661 9943
9661 935 9729 8390
9729 709 9775 5562
9775 4603 9810 5804
9810 5164 9871 6752
9871 5502 9920 6256
9920 1235 9926 8723
9926 5497 9983 5581
9983 2481 9990 7649
9990 197 10010 3232
10010 86 10065 4188
10065 2471 10108 3590
10108 110 10170 3822
10170 1085 10199 2494
10199 472 10230 5921
10230 5463 10302 7832
10302 6761 10358 9630
10358 1324 10432 7318
10432 4069 10458 7111
10458 3981 10477 7798
10477 5267 10552 5505
10552 4500 10587 7562
10587 1212 10650 7347
10650 5227 10684 7739
10684 7482 10703 9429
10703 6043 10727 9631
10727 696 10757 8640
10757 659 10762 4039
10762 3365 10829 6741
10829 751 10887 5535
10887 124 10959 5597
10959 773 11027 2795
11027 1341 11076 8977
11076 776 11084 7411
11084 4160 11115 6347
11115 4474 11159 4720
11159 4616 11204 6036
11204 2951 11216 8913
11216 7087 11263 7124
11263 3115 11274 9726
11274 480 11292 5264
11292 504 11313 5759
11313 1741 11373 4254
11373 1852 11414 9890
11414 6274 11477 7424
11477 5504 11547 9068
11547 4008 11608 5966
11608 4980 11650 7677
11650 5599 11705 9702
11705 2200 11720 8774
11720 2906 11744 9033
11744 3823 11795 3840
11795 497 11866 5296
11866 1293 11941 3849
11941 1725 12021 5793
12021 1319 12046 5784
12046 1268 12054 7901
12054 4239 12128 4688
12128 3831 12156 6262
12156 1278 12172 7165
12172 7134 12225 8456
12225 2588 12305 8757
12305 313 12345 2681
12345 739 12379 1996
12379 75 12441 7452
12441 2373 12502 3844
12502 1697 12503 6597
12503 4742 12518 9260
12518 6086 12595 6366
12595 4489 12626 9550
12626 2057 12702 7675
12702 2193 12707 4709
12707 2346 12778 3213
12778 127 12847 7852
12847 3965 12855 4902
12855 480 12871 4901
12871 1113 12894 1714
12894 1346 12932 7947
12932 5586 12937 7430
12937 770 12941 5880
12941 2245 12964 4422
12964 2083 13030 3788
13030 1888 13050 7501
13050 3490 13106 5970
13106 727 13154 4387
13154 130 13160 5247
13160 4574 13176 4836
13176 2125 13229 6127
13229 4710 13297 5288
13297 972 13335 9723
13335 4019 13395 5428
13395 609 13459 9978
13459 216 13500 7335
13500 4610 13571 9838
13571 7878 13585 8120
13585 1320 13605 8047
13605 2231 13628 7335
13628 7128 13639 9604
13639 664 13683 9327
13683 1625 13751 3189
13751 2882 13756 5676
13756 2862 13789 4019
13789 2118 13826 7544
13826 5564 13842 9731
13842 272 13858 5934
13858 884 13902 7712
13902 4501 13952 7439
13952 4599 13958 9360
13958 1828 14035 8301
14035 2826 14069 3976
14069 3508 14115 3567
14115 1175 14159 8244
14159 787 14176 2910
14176 276 14217 4754
14217 1563 14253 2138
14253 1704 14296 6887
14296 1816 14358 9044
14358 752 14371 9403
14371 2521 14378 7359
14378 1036 14424 9362
14424 1752 14440 6870
14440 3371 14477 9301
14477 1408 14484 4377
14484 3053 14527 5593
14527 4105 14566 8475
14566 3211 14589 7695
14589 3930 14590 3952
14590 2707 14607 4438
14607 2685 14678 8187
14678 3403 14719 6072
14719 2357 14790 9293
14790 2777 14794 4017
14794 3261 14840 3558
14840 3146 14882 7414
14882 132 14900 6102
14900 1115 14969 6181
14969 1642 14990 3626
14990 1236 14991 7958
14991 6715 15059 9603
15059 3525 15128 8144
15128 2068 15154 9618
15154 4182 15223 4892
15223 2624 15289 6816
15289 1976 15333 8830
15333 3264 15377 3840
15377 3173 15389 7416
15389 4424 15421 9129
15421 1797 15442 9076
15442 746 15497 2818
15497 2451 15569 8687
15569 6742 15584 8470
15584 3148 15612 9134
15612 39 15662 9800
15662 2835 15676 7245
15676 3399 15729 8877
15729 1487 15772 7463
15772 3020 15780 7194
15780 3120 15789 6656
15789 5209 15816 5700
15816 772 15882 7863
15882 1604 15901 8087
15901 2792 15917 3430
15917 2540 15928 7993
15928 4863 15965 8840
15965 3010 16043 7555
16043 1574 16047 4357
16047 2158 16105 5402
16105 3373 16116 7669
16116 6631 16160 9621
16160 8062 16173 9253
16173 2819 16241 8859
16241 4859 16261 7748
16261 2531 16313 7970
16313 3098 16318 5767
16318 1125 16389 6712
16389 2526 16431 6352
16431 1412 16511 8649
16511 5978 16547 6684
16547 115 16549 6941
16549 1651 16593 5573
16593 175 16647 9495
16647 1446 16693 2868
16693 462 16772 7237
16772 61 16811 6050
16811 429 16880 4913
16880 4206 16906 4821
16906 2192 16935 6789
16935 2125 16942 7489
16942 6042 16961 7214
16961 613 16998 7785
16998 4772 17016 8000
17016 1628 17061 6097
17061 1028 17130 5762
17130 5008 17201 6529
17201 3990 17265 6918
17265 5399 17329 6373
17329 2623 17361 7738
17361 3584 17382 5320
17382 4269 17421 6889
17421 988 17478 7764
17478 3211 17541 7902
17541 3438 17596 7888
17596 5438 17655 6491
17655 2272 17697 9199
17697 5322 17718 8356
17718 1158 17728 5896
17728 1700 17750 5479
17750 888 17814 7239
17814 6166 17819 6885
17819 791 17860 6796
17860 865 17909 4933
17909 407 17950 3668
17950 1978 17966 9146
17966 3256 18005 7659
18005 5882 18067 7067
18067 6976 18090 9703
18090 7072 18104 8012
18104 423 18153 8878
18153 284 18210 7588
18210 571 18248 2645
18248 1818 18312 7495
18312 3884 18330 9650
18330 1067 18393 6703
18393 1620 18436 5204
18436 1543 18440 9657
18440 7672 18447 8834
18447 1489 18493 9456
18493 5182 18555 9267
18555 6470 18628 7961
18628 4790 18649 7581
18649 3139 18696 5415
18696 4492 18705 9961
18705 2109 18774 4623
18774 2733 18798 6576
18798 5696 18863 6179
18863 3548 18864 7088
18864 1618 18869 7220
18869 5092 18946 5917
18946 4381 19017 5793
19017 352 19070 8087
19070 2658 19074 5780
19074 2900 19108 5083
19108 303 19128 3317
19128 765 19181 1342
19181 923 19227 1740
19227 384 19303 8336
19303 6885 19324 8900
19324 2329 19345 9318
19345 7888 19384 9428
19384 5002 19394 8485
19394 198 19457 6500
19457 1030 19507 1580
19507 329 19530 8093
19530 2923 19603 6672
19603 1689 19613 5862
19613 3672 19633 7979
19633 1830 19642 6627
19642 3904 19714 4296
19714 2248 19775 7215
19775 5613 19829 9464
19829 5259 19832 9557
19832 1485 19845 8828
19845 5195 19904 5204
19904 1286 19906 7874
19906 6847 19977 8073
19977 3177 20048 8421
20048 128 20094 4829
20094 3793 20174 4205
20174 2525 20184 7087
20184 4402 20190 5587
20190 925 20224 7203
20224 447 20304 8768
20304 60 20372 1604
20372 533 20380 958
20380 208 20384 1718
20384 12 20455 496
20455 150 20528 326
20528 147 20581 2107
20581 1245 20657 7033
20657 3042 20696 8712
20696 8379 20735 8664
20735 5555 20812 9403
20812 6774 20836 8951
20836 1764 20854 8986
20854 3523 20903 4178
20903 2571 20905 4135
20905 1107 20915 3844
20915 2844 20947 4416
20947 2549 21021 3757
21021 2746 21022 6471
21022 22 21058 4689
21058 2299 21121 5557
21121 2987 21190 5981
21190 3189 21226 8566
21226 3006 21293 3567
21293 2291 21369 8250
21369 5404 21397 6323
21397 5278 21442 9340
21442 7267 21515 9821
21515 8305 21594 8371
21594 2822 21672 8657
21672 190 21700 4587
21700 836 21714 1877
21714 508 21789 1352
21789 382 21803 1140
21803 811 21837 3112
21837 780 21894 4509
21894 1887 21932 3647
21932 1012 21973 7030
21973 1616 22014 6715
22014 3983 22025 4642
22025 4545 22095 6986
22095 1924 22134 6650
22134 4050 22170 9128
22170 6199 22214 8270
22214 3794 22276 9450
22276 2804 22329 7766
22329 5700 22364 9932
22364 5373 22373 7542
22373 3474 22429 6450
22429 1809 22462 7285
22462 1210 22520 9164
22520 343 22565 3562
22565 678 22600 7579
22600 917 22671 4159
22671 309 22674 1446
22674 325 22736 998
22736 983 22798 3602
22798 11 22858 3457
22858 1621 22907 3347
22907 514 22918 3105
22918 784 22972 3201
22972 2831 23028 2999
23028 905 23067 4579
23067 2992 23104 3679
23104 838 23117 8608
23117 364 23157 1458
23157 722 23214 2216
23214 1527 23273 4780
23273 1453 23349 6310
23349 2053 23369 4242
23369 2419 23434 2643
23434 2501 23491 5378
23491 3725 23502 5626
23502 4012 23548 8379
23548 1010 23584 5700
23584 5436 23586 7624
23586 6525 23648 8771
23648 5371 23707 9506
23707 7636 23762 8678
23762 7272 23823 7944
23823 7559 23889 9203
23889 2548 23895 9274
23895 735 23923 7308
23923 1246 23937 1472
23937 426 23946 8180
23946 3500 23996 6060
23996 2054 24062 5603
24062 3594 24116 6967
24116 98 24118 9346
24118 419 24133 2140
24133 1815 24209 5704
24209 4848 24269 7319
24269 658 24298 6628
24298 316 24347 1955
24347 849 24412 4502
24412 1256 24457 1886
24457 1870 24471 7272
24471 2949 24547 4434
24547 819 24615 7348
24615 2980 24680 6794
24680 3059 24728 8440
24728 4069 24764 7484
24764 1313 24817 7549
24817 1965 24880 5072
24880 512 24940 2770
24940 1891 24992 6242
24992 3774 25016 7534
25016 2713 25036 4855
25036 473 25046 4261
25046 1387 25122 4246
25122 4166 25190 5080
25190 1470 25269 6901
25269 5351 25277 7440
25277 1818 25356 5406
25356 733 25435 3326
25435 77 25483 3655
25483 896 25508 2202
25508 1026 25585 3985
25585 2769 25593 3553
25593 194 25594 3664
25594 592 25657 762
25657 496 25735 6932
25735 4144 25805 5483
25805 1434 25873 9739
25873 2277 25949 8168
25949 4322 26029 8323
26029 2721 26093 5321
26093 3000 26156 4712
26156 550 26178 9441
26178 2525 26212 7623
26212 1034 26272 4135
26272 523 26325 9088
26325 3207 26367 4134
26367 39 26415 5760
26415 2734 26475 3030
26475 1924 26529 4663
26529 3563 26580 6258
26580 5579 26645 6644
26645 2239 26699 5693
26699 2250 26771 8928
26771 711 26813 9464
26813 5269 26876 6046
26876 3554 26943 7592
26943 4023 26998 4370
26998 1144 27030 7912
27030 6035 27052 8265
27052 6095 27126 6331
27126 6212 27153 7042
27153 4733 27227 6858
27227 2150 27260 4958
27260 3012 27338 6375
27338 3049 27362 7815
27362 2180 27376 7205
27376 1434 27424 8530
27424 265 27494 8044
27494 3514 27553 5825
27553 3743 27628 8413
27628 6164 27705 7897
27705 2096 27749 7672
27749 749 27799 6581
27799 3553 27876 8081
27876 787 27956 6293
27956 3626 28013 4031
28013 3426 28090 7202
28090 2211 28140 7665
28140 2885 28173 7422
28173 1666 28219 3146
28219 2640 28286 8312
28286 4478 28324 9883
28324 85 28354 8606
28354 4428 28408 8603
28408 1373 28415 6637
28415 6450 28421 7100
28421 1121 28498 8917
28498 7349 28541 7898
28541 5699 28554 7709
28554 2383 28590 7445
28590 2829 28657 6178
28657 3705 28695 5038
28695 625 28749 8262
28749 5951 28803 7890
28803 5514 28839 9726
28839 3287 28914 6843
28914 5916 28933 6530
28933 3327 28986 9861
28986 2835 29064 8152
29064 5640 29117 7485
29117 2960 29157 8151
29157 542 29159 5758
29159 2276 29192 3902
29192 742 29238 5339
29238 1964 29286 5680
29286 3093 29313 7179
29313 3428 29329 7724
29329 2150 29379 7516
29379 946 29381 3051
29381 1546 29397 2475
29397 142 29427 4201
29427 1716 29463 3629
29463 1342 29496 6864
29496 6451 29575 9122
29575 1005 29609 6715
29609 3659 29642 4769
29642 3765 29715 3806
29715 3501 29738 8570
29738 6842 29814 8164
29814 934 29883 8009
29883 4222 29955 4376
29955 1652 29982 6350
29982 4632 29994 5407
29994 4124 30020 5063
30020 927 30079 4677
30079 4204 30115 6099
30115 3763 30163 5129
30163 2349 30235 6822
30235 628 30309 7791
30309 1003 30322 5740
30322 4671 30336 5032
30336 3280 30346 5227
30346 1401 30367 7337
30367 2619 30441 7205
30441 1540 30459 9307
30459 2102 30520 7126
30520 600 30583 5541
30583 2388 30624 5524
30624 3351 30666 6847
30666 3916 30697 7119
30697 2777 30741 8926
30741 4183 30785 6934
30785 3435 30864 8323
30864 3911 30902 6737
30902 3300 30941 8606
30941 7119 30946 9427
30946 2859 30951 7123
30951 4868 31014 5581
31014 412 31020 9920
31020 6302 31023 6511
31023 1506 31077 8266
31077 2460 31149 8252
31149 4363 31182 8188
31182 2953 31258 9094
31258 5934 31317 9016
31317 5575 31364 7113
31364 5996 31428 8515
31428 4768 31440 8794
31440 5541 31453 8897
31453 3337 31530 6791
31530 401 31598 7026
31598 1095 31612 6212
31612 3219 31686 4587
31686 2894 31716 7553
31716 2736 31756 6089
31756 1280 31829 9928
31829 3233 31887 7301
31887 7187 31954 9715
31954 4952 32027 7966
32027 4844 32104 6710
32104 2444 32172 7597
32172 4797 32214 8565
32214 1112 32232 5813
32232 107 32294 2735
32294 103 32370 5301
32370 4004 32429 5567
32429 1957 32457 8920
32457 3450 32505 4477
32505 473 32553 8924
32553 1553 32576 5981
32576 5230 32582 6171
32582 3509 32617 6822
32617 1367 32619 7038
32619 1148 32648 3106
32648 2967 32680 3598
32680 790 32713 7042
32713 6813 32721 6835
32721 1318 32798 9254
32798 6699 32844 9141
32844 34 32867 6859
32867 1727 32916 2237
32916 176 32965 9597
32965 1780 32991 3175
32991 697 33008 4125
33008 1898 33066 2542
33066 2161 33074 2782
33074 2611 33100 6931
33100 6519 33109 9732
33109 2311 33158 6638
33158 3203 33163 3889
33163 3548 33199 9085
33199 819 33279 5836
33279 4544 33335 5611
33335 157 33343 9843
33343 2307 33389 4183
33389 1378 33403 6160
33403 4935 33449 9707
69 2510
33403 9707
2.00
