1200
0 3328 41 5841
41 1667 46 5755
46 2196 77 4209
77 762 81 4789
81 1628 128 3558
128 460 165 9565
165 4688 218 9918
218 6618 275 8043
275 5833 283 6652
283 5203 286 9475
286 1129 300 9157
300 2741 317 5531
317 1814 344 8384
344 3525 346 8285
346 2272 355 7175
355 198 386 5050
386 562 429 2699
429 2020 451 8129
451 3055 476 3499
476 1996 492 9135
492 4335 508 4755
508 3214 541 9143
541 6289 553 7241
553 297 591 8863
591 4182 620 7078
620 5561 624 9574
624 1384 626 8724
626 3804 666 3988
666 2086 724 5512
724 2962 769 6993
769 2008 816 7636
816 4670 875 6337
875 5799 923 9664
923 5991 930 6653
930 5209 969 7829
969 2374 974 6434
974 3135 1008 6287
1008 641 1048 6748
1048 1708 1076 6426
1076 1672 1081 7198
1081 1601 1132 2528
1132 1610 1137 2994
1137 1969 1183 2966
1183 2919 1217 6553
1217 491 1223 7033
1223 6844 1242 8301
1242 6949 1268 9721
1268 807 1299 9172
1299 1109 1317 8550
1317 2537 1370 2825
1370 1434 1401 6866
1401 5543 1436 5960
1436 1880 1462 6486
1462 2210 1476 2237
1476 133 1497 7929
1497 1778 1514 5022
1514 1884 1557 2649
1557 1475 1570 4746
1570 4441 1625 4485
1625 3345 1631 8483
1631 1634 1654 7453
1654 3661 1693 6362
1693 1349 1710 3720
1710 413 1716 2999
1716 327 1732 1486
1732 928 1768 3155
1768 1799 1801 4345
1801 3780 1853 5134
1853 2022 1907 4811
1907 3931 1928 6736
1928 2968 1946 6769
1946 6280 1975 7473
1975 5397 2017 6356
2017 1018 2073 6348
2073 3072 2086 3849
2086 3246 2110 7472
2110 3731 2130 5961
2130 2853 2146 4150
2146 3186 2148 8768
2148 3789 2167 8144
2167 6231 2205 6558
2205 1877 2212 8041
2212 7618 2272 8521
2272 7874 2316 8323
2316 977 2341 7941
2341 3528 2359 5022
2359 4018 2391 8428
2391 51 2397 4346
2397 2476 2420 2789
2420 1430 2444 7812
2444 1456 2488 7797
2488 5606 2502 6388
2502 4984 2529 7504
2529 1822 2543 9509
2543 4447 2557 5155
2557 4618 2578 4794
2578 1765 2624 7507
2624 6860 2629 9238
2629 3328 2659 9648
2659 1772 2697 5573
2697 2726 2735 3877
2735 2599 2763 4136
2763 1555 2807 4949
2807 865 2863 6572
2863 3964 2902 5624
2902 3226 2923 7717
2923 6100 2957 7388
2957 1201 2999 9467
2999 4473 3018 6237
3018 1682 3036 8056
3036 6438 3090 6860
3090 3639 3093 7485
3093 6043 3140 8587
3140 4348 3197 8415
3197 394 3208 8848
3208 669 3233 5405
3233 4850 3289 7910
3289 4605 3340 5455
3340 3520 3345 5208
3345 4901 3373 6903
3373 4905 3432 9294
3432 5748 3452 9103
3452 1936 3510 7333
3510 1283 3532 6996
3532 1205 3540 7401
3540 2538 3548 6354
3548 3054 3607 9984
3607 5722 3651 6158
3651 4096 3695 9322
3695 2384 3712 9417
3712 2858 3722 5464
3722 3113 3753 4169
3753 2544 3783 5334
3783 4201 3841 5598
3841 1992 3854 9019
3854 3756 3883 8231
3883 2368 3922 7688
3922 721 3980 6027
3980 2220 3995 4528
3995 1601 4025 8931
4025 2056 4026 6601
4026 2236 4054 7669
4054 5790 4060 6490
4060 278 4095 6504
4095 1302 4147 4407
4147 3430 4197 3909
4197 3247 4202 9891
4202 4718 4251 7637
4251 5965 4302 6452
4302 720 4349 8999
4349 3379 4352 3888
4352 2634 4385 6770
4385 4127 4395 7969
4395 3429 4441 5144
4441 1179 4469 8891
4469 8439 4524 8727
4524 8228 4576 9422
4576 7301 4596 9978
4596 1709 4651 9053
4651 2014 4658 5441
4658 1365 4709 5589
4709 457 4710 4709
4710 4161 4746 6261
4746 5097 4749 8741
4749 1923 4779 9840
4779 2840 4797 6325
4797 1950 4824 7653
4824 4079 4835 4371
4835 3272 4894 4390
4894 1052 4951 4152
4951 2292 4991 6138
4991 908 5009 3968
5009 2847 5054 3439
5054 137 5097 5496
5097 1220 5098 2497
5098 711 5145 7547
5145 750 5196 1432
5196 123 5214 1723
5214 1094 5220 5720
5220 1205 5223 5679
5223 335 5225 4792
5225 4134 5278 9467
5278 6185 5329 8451
5329 59 5348 7800
5348 4161 5380 4242
5380 452 5392 4903
5392 4500 5423 9196
5423 884 5427 5144
5427 2740 5457 5988
5457 5983 5472 8209
5472 7206 5483 9729
5483 3348 5489 9389
5489 137 5517 9197
5517 3596 5565 9987
5565 5794 5614 9863
5614 859 5672 9743
5672 1499 5702 3367
5702 3290 5758 8128
5758 6363 5796 9000
5796 3508 5856 8729
5856 408 5897 6590
5897 4 5927 7369
5927 945 5950 6408
5950 149 6001 6286
6001 4048 6035 8061
6035 4215 6080 6096
6080 4165 6103 5929
6103 5220 6117 9553
6117 485 6176 7515
6176 823 6205 4454
6205 1914 6238 2574
6238 2193 6258 3583
6258 332 6287 6341
6287 798 6337 2296
6337 1051 6389 1861
6389 742 6412 4471
6412 525 6449 7273
6449 2370 6498 4164
6498 457 6516 5720
6516 989 6559 3656
6559 1198 6585 2630
6585 1355 6616 2936
6616 1456 6662 9403
6662 2899 6678 8146
6678 3822 6707 5206
6707 71 6729 4536
6729 3364 6733 8844
6733 1084 6773 4017
6773 3997 6803 8952
6803 4959 6812 9532
6812 3294 6863 5336
6863 4852 6889 5588
6889 3683 6944 7303
6944 2936 6984 9097
6984 1101 7017 4142
7017 2848 7042 9864
7042 4209 7092 6048
7092 3243 7112 9012
7112 4645 7170 7159
7170 1163 7180 8137
7180 4403 7216 5036
7216 1527 7252 6632
7252 6178 7254 9600
7254 3774 7270 8230
7270 1469 7290 6106
7290 2133 7347 4787
7347 3665 7374 5840
7374 3653 7411 9661
7411 553 7436 7124
7436 3620 7438 9778
7438 8887 7448 9403
7448 3954 7478 9748
7478 6745 7482 8070
7482 3861 7489 9623
7489 4231 7542 8353
7542 770 7600 8641
7600 1704 7640 7591
7640 2016 7655 6315
7655 3873 7673 9117
7673 2380 7685 9046
7685 6754 7731 8480
7731 6999 7787 8363
7787 6728 7809 7936
7809 264 7818 7245
7818 5766 7825 7485
7825 3935 7836 8002
7836 4993 7857 5229
7857 3016 7861 6451
7861 3992 7921 6192
7921 1449 7957 6166
7957 4693 8004 9568
8004 2945 8057 9476
8057 1876 8099 9630
8099 906 8109 9321
8109 7476 8151 9119
8151 1038 8182 7686
8182 2811 8217 7108
8217 3388 8243 3869
8243 1244 8246 6438
8246 4049 8251 9699
8251 4461 8287 9482
8287 1008 8304 8611
8304 229 8327 7078
8327 2905 8337 6491
8337 2644 8376 6709
8376 35 8388 4452
8388 4361 8400 9321
8400 7195 8408 8635
8408 31 8463 7366
8463 395 8471 5761
8471 304 8477 3936
8477 724 8512 1093
8512 705 8530 2061
8530 347 8544 1606
8544 78 8562 6062
8562 4895 8589 9830
8589 6548 8616 7641
8616 6750 8647 8510
8647 6362 8691 7712
8691 3630 8739 6673
8739 1513 8755 6836
8755 2728 8810 6056
8810 611 8843 7054
8843 2123 8862 6901
8862 2434 8916 3217
8916 2029 8928 2879
8928 201 8941 7082
8941 2022 8973 6688
8973 1724 9003 8690
9003 5479 9013 6122
9013 669 9034 8943
9034 1691 9049 7529
9049 4493 9051 5861
9051 2223 9108 8981
9108 51 9136 2244
9136 295 9195 6516
9195 1271 9232 2885
9232 1646 9265 2671
9265 1035 9295 6433
9295 1761 9337 5735
9337 1873 9389 2845
9389 430 9409 4677
9409 101 9438 2380
9438 2279 9491 2396
9491 2100 9505 7893
9505 5148 9546 5377
9546 4109 9562 6093
9562 893 9589 4896
9589 792 9611 5762
9611 111 9624 5889
9624 900 9681 2096
9681 1793 9713 6990
9713 4568 9727 5534
9727 4072 9734 8445
9734 628 9756 7177
9756 3552 9774 6809
9774 3329 9808 6809
9808 3688 9868 7123
9868 4966 9878 9984
9878 5090 9906 5296
9906 660 9920 9056
9920 4731 9935 5413
9935 5272 9980 6086
9980 556 9982 5714
9982 4885 10030 5607
10030 2174 10088 6246
10088 2303 10134 2863
10134 5 10143 4757
10143 3189 10172 4686
10172 144 10230 8549
10230 1726 10253 3100
10253 120 10280 3074
10280 258 10322 1276
10322 55 10377 1869
10377 990 10436 2013
10436 1847 10462 4047
10462 3489 10521 4136
10521 1859 10560 8030
10560 1959 10571 7012
10571 4618 10623 6787
10623 4300 10646 8676
10646 5129 10669 7976
10669 5684 10695 7231
10695 3267 10740 7425
10740 1252 10762 7272
10762 1005 10778 8733
10778 2372 10836 8221
10836 2367 10873 4752
10873 73 10876 6397
10876 283 10936 2325
10936 1274 10954 6734
10954 778 10986 1987
10986 1697 10995 3886
10995 3226 11003 5440
11003 3750 11009 9756
11009 1450 11024 5953
11024 2073 11060 8809
11060 2801 11068 4244
11068 2709 11076 5607
11076 357 11116 6397
11116 1866 11172 3586
11172 725 11219 7582
11219 3895 11264 3939
11264 731 11321 7115
11321 603 11338 4503
11338 1078 11392 4266
11392 310 11395 3397
11395 1235 11448 3137
11448 1004 11495 8399
11495 174 11530 1549
11530 238 11582 7723
11582 1169 11625 7626
11625 1642 11685 2450
11685 754 11693 8516
11693 52 11704 7137
11704 6456 11755 7694
11755 477 11779 9625
11779 7072 11819 8777
11819 1009 11869 9231
11869 6484 11900 6729
11900 1783 11909 9138
11909 3702 11913 5001
11913 2681 11921 6178
11921 3204 11939 8066
11939 6348 11979 7864
11979 1663 12005 9929
12005 1947 12058 2717
12058 1730 12100 7794
12100 2273 12139 5773
12139 2580 12159 4675
12159 3136 12202 3189
12202 2545 12213 3342
12213 2458 12241 7327
12241 5881 12262 8921
12262 2970 12291 9324
12291 5265 12317 8276
12317 3997 12357 7598
12357 4998 12417 7715
12417 332 12427 7769
12427 6257 12455 6282
12455 1996 12467 9552
12467 5051 12505 8440
12505 5525 12547 6836
12547 2496 12567 9074
12567 4259 12611 5530
12611 1484 12624 9727
12624 716 12625 9900
12625 2146 12627 8979
12627 1065 12676 3333
12676 1353 12733 9825
12733 2243 12779 8205
12779 2668 12796 2821
12796 1023 12809 8488
12809 4192 12831 7863
12831 1867 12876 8235
12876 2809 12918 8186
12918 3675 12922 6351
12922 1183 12929 3734
12929 683 12938 8290
12938 2726 12977 3884
12977 698 12991 5245
12991 728 13045 1794
13045 1665 13079 6670
13079 181 13114 4354
13114 4257 13168 9014
13168 6440 13207 6599
13207 1706 13225 9497
13225 2298 13236 7328
13236 711 13245 6430
13245 2605 13290 3073
13290 1013 13333 6700
13333 1104 13350 4404
13350 1770 13378 6680
13378 6069 13417 9142
13417 3239 13435 6854
13435 1363 13446 6793
13446 3675 13465 9538
13465 4268 13497 7193
13497 388 13557 6537
13557 2101 13583 3906
13583 1615 13610 4787
13610 3191 13632 7715
13632 1518 13649 9359
13649 2212 13652 8259
13652 1616 13653 8437
13653 8131 13673 9525
13673 8608 13718 9921
13718 6634 13732 9632
13732 2426 13791 7718
13791 1741 13829 2703
13829 2105 13864 7343
13864 2419 13886 5855
13886 1916 13901 4957
13901 2186 13921 3052
13921 1351 13931 4806
13931 203 13947 2016
13947 157 14001 5294
14001 682 14051 1923
14051 509 14085 3647
14085 543 14089 957
14089 124 14136 1924
14136 428 14170 7686
14170 1305 14209 3615
14209 1657 14210 3061
14210 2885 14219 7257
14219 6181 14229 6649
14229 272 14237 6561
14237 869 14264 4582
14264 1012 14297 1602
14297 860 14305 4843
14305 1546 14364 1799
14364 1189 14406 2635
14406 2233 14409 6449
14409 3867 14413 5452
14413 1547 14436 5328
14436 3746 14485 8500
14485 4419 14504 5702
14504 1708 14554 8902
14554 1794 14561 2215
14561 873 14621 9090
14621 518 14672 2148
14672 1522 14707 1642
14707 487 14725 3907
14725 2549 14783 4217
14783 426 14791 7454
14791 3518 14815 3992
14815 2681 14853 4772
14853 3933 14871 9337
14871 5017 14888 7060
14888 4018 14904 5099
14904 1896 14905 6221
14905 6219 14962 7709
14962 866 15020 9174
15020 2026 15066 4400
15066 4353 15083 5473
15083 5152 15123 5778
15123 5155 15176 7407
15176 3806 15184 8900
15184 636 15191 5773
15191 1060 15196 2556
15196 1848 15198 2769
15198 1852 15240 5167
15240 1911 15247 3170
15247 1678 15282 5579
15282 688 15312 6125
15312 194 15354 8770
15354 5794 15388 6543
15388 2069 15442 8186
15442 4661 15487 6297
15487 1894 15489 8220
15489 2393 15529 9091
15529 7198 15535 8129
15535 850 15546 9096
15546 394 15605 6936
15605 3600 15660 5147
15660 3099 15688 5526
15688 1757 15691 3493
15691 162 15716 5518
15716 2223 15739 3001
15739 1879 15796 4678
15796 2051 15845 9407
15845 1276 15900 7845
15900 4783 15952 7028
15952 6075 15985 6923
15985 901 16040 6539
16040 1255 16041 5869
16041 5032 16087 8139
16087 3180 16116 6369
16116 191 16138 3253
16138 791 16166 1019
16166 557 16222 7066
16222 2019 16224 6904
16224 3141 16266 9669
16266 8746 16323 8908
16323 7717 16350 9665
16350 7410 16396 8209
16396 7349 16434 8576
16434 6327 16438 8878
16438 4951 16445 8480
16445 3580 16457 5527
16457 3153 16478 8139
16478 1787 16492 8730
16492 2243 16535 9570
16535 5015 16573 8316
16573 5671 16575 7368
16575 5919 16632 8444
16632 843 16677 9947
16677 847 16705 4125
16705 2268 16739 4170
16739 266 16787 7343
16787 3125 16840 7288
16840 1984 16892 5133
16892 2297 16936 7425
16936 5714 16979 7951
16979 7064 16998 9136
16998 8690 17055 9642
17055 201 17063 9312
17063 4598 17099 8552
17099 3459 17128 7873
17128 466 17186 3672
17186 1782 17193 4304
17193 971 17239 5293
17239 2992 17257 5161
17257 397 17297 9308
17297 2697 17322 6300
17322 879 17327 3063
17327 1886 17355 2957
17355 1773 17363 6919
17363 1597 17392 9960
17392 9183 17438 9208
17438 2419 17475 9505
17475 4294 17520 8678
17520 6647 17522 9863
17522 4638 17523 8331
17523 6448 17524 8495
17524 3804 17540 9673
17540 3832 17582 8824
17582 179 17591 7503
17591 7316 17644 8945
17644 5855 17678 8706
17678 6 17738 8896
17738 6326 17769 7445
17769 6917 17804 7703
17804 3522 17861 8087
17861 6104 17901 9521
17901 2530 17907 7168
17907 2077 17952 6254
17952 1799 17989 7830
17989 4008 18039 7406
18039 748 18081 9273
18081 5497 18120 9527
18120 2197 18133 7026
18133 2885 18145 7674
18145 1348 18191 8221
18191 2672 18205 7336
18205 5162 18244 5861
18244 1254 18260 8181
18260 4485 18298 6399
18298 5543 18307 7032
18307 922 18315 7382
18315 61 18324 3514
18324 2470 18325 9128
18325 4449 18359 6012
18359 2116 18413 8260
18413 5889 18452 6673
18452 2321 18504 5901
18504 5373 18517 5936
18517 1823 18547 9427
18547 1737 18569 7335
18569 2755 18593 5003
18593 1722 18620 2937
18620 2104 18626 2657
18626 446 18670 5374
18670 3692 18695 8731
18695 4570 18749 6585
18749 3387 18783 9864
18783 5092 18842 5597
18842 3965 18892 9339
18892 5203 18895 8151
18895 2388 18924 6272
18924 4243 18973 4314
18973 2284 18988 5037
18988 2495 19048 9617
19048 804 19059 8838
19059 1257 19067 5889
19067 2519 19088 7739
19088 3691 19127 5279
19127 2471 19128 8227
19128 242 19133 4600
19133 656 19146 1922
19146 1062 19201 5887
19201 1566 19226 3351
19226 266 19258 9439
19258 5106 19306 8094
19306 1613 19332 9917
19332 2872 19359 8532
19359 5152 19385 7287
19385 3678 19423 7905
19423 2013 19483 7236
19483 4662 19525 7908
19525 2501 19559 8593
19559 3952 19568 8976
19568 1644 19602 7462
19602 1109 19661 6079
19661 3910 19693 6933
19693 6047 19700 8767
19700 1607 19737 7484
19737 4058 19741 5466
19741 816 19784 5916
19784 1292 19839 5775
19839 229 19843 2532
19843 1641 19880 7955
19880 3990 19906 6791
19906 1954 19965 5246
19965 4034 20012 6568
20012 5872 20048 6950
20048 3504 20049 6428
20049 2294 20051 5760
20051 2977 20081 5941
20081 5069 20133 7471
20133 1742 20138 8528
20138 3124 20139 7946
20139 5034 20145 5681
20145 522 20187 6420
20187 3868 20188 4804
20188 4333 20212 6639
20212 1675 20270 8299
20270 2401 20281 7212
20281 6268 20295 7734
20295 7240 20314 9719
20314 6775 20371 9059
20371 4915 20377 9008
20377 812 20399 6727
20399 377 20435 5114
20435 3056 20478 4262
20478 513 20505 4780
20505 1155 20560 2354
20560 934 20583 3373
20583 2916 20596 6226
20596 1598 20630 4378
20630 304 20636 8502
20636 5356 20679 5788
20679 3303 20680 7632
20680 102 20696 7551
20696 594 20723 1520
20723 1357 20746 7800
20746 718 20787 1725
20787 1662 20846 3015
20846 1987 20892 2330
20892 1405 20922 9621
20922 2179 20977 8891
20977 2687 20991 9441
20991 1003 21016 5598
21016 3277 21051 8529
21051 4718 21068 8811
21068 5274 21116 9811
21116 3222 21159 6082
21159 3789 21171 9843
21171 3169 21229 4136
21229 2810 21277 7654
21277 2886 21300 6091
21300 5205 21351 7177
21351 2487 21372 7329
21372 4653 21404 6058
21404 2726 21454 5557
21454 3770 21500 9779
21500 6072 21505 8207
21505 4488 21521 9372
21521 909 21558 9469
21558 1698 21566 3468
21566 1220 21615 2260
21615 1061 21617 9333
21617 1140 21636 2653
21636 2649 21684 5910
21684 4734 21709 9489
21709 3751 21733 4741
21733 1398 21755 8690
21755 3523 21761 7213
21761 3469 21770 7788
21770 6157 21820 6437
21820 2405 21839 8927
21839 4454 21870 4521
21870 2940 21923 8637
21923 3956 21964 8883
21964 2111 21979 7107
21979 4891 22000 7827
22000 5622 22053 6461
22053 2441 22100 6997
22100 4839 22148 6278
22148 2506 22208 5936
22208 3662 22265 4268
22265 2804 22289 8113
22289 1395 22298 4336
22298 4108 22321 6459
22321 4963 22357 5481
22357 4090 22414 7471
22414 5161 22416 6927
22416 3856 22461 8882
22461 3897 22474 7950
22474 3529 22517 4714
22517 2987 22535 3656
22535 1852 22581 5631
22581 2879 22623 3512
22623 2993 22633 5602
22633 1343 22667 5711
22667 3694 22688 3926
22688 3467 22721 3949
22721 64 22772 5485
22772 1312 22785 4259
22785 2373 22786 2966
22786 1593 22798 5387
22798 2949 22821 4197
22821 1387 22874 5653
22874 3386 22909 8216
22909 5425 22961 7682
22961 1985 22994 5484
22994 188 23047 3845
23047 2202 23072 4949
23072 3750 23105 3758
23105 2967 23152 7838
23152 4490 23199 8766
23199 5003 23207 7438
23207 4964 23211 9404
23211 1539 23243 6752
23243 3458 23279 6158
23279 3055 23317 5865
23317 3515 23326 4174
23326 2061 23382 5476
23382 3357 23436 6470
23436 3716 23496 4202
23496 1691 23526 4052
23526 179 23562 7109
23562 1001 23612 1287
23612 106 23614 6897
23614 2646 23626 5897
23626 3951 23666 3968
23666 979 23693 9232
23693 2255 23720 3720
23720 2340 23753 7624
23753 2693 23755 8556
23755 6255 23801 8678
23801 5572 23827 8077
23827 3939 23841 9104
23841 387 23868 4775
23868 1200 23898 2238
23898 229 23924 5564
23924 2768 23981 3340
23981 309 24001 6572
24001 1722 24038 9142
24038 1164 24049 6116
24049 691 24095 8351
24095 1770 24154 9948
24154 5742 24158 6875
24158 6542 24207 9598
24207 6172 24261 8534
24261 6736 24309 8128
24309 3740 24333 7261
24333 506 24358 5659
24358 1083 24395 7777
24395 1057 24442 3652
24442 1775 24480 7303
24480 1003 24496 5189
24496 3651 24529 4669
24529 2871 24575 9045
24575 950 24576 8178
24576 1201 24635 1277
24635 443 24681 9147
24681 3625 24715 6618
24715 2769 24741 7757
24741 3461 24790 6832
24790 352 24834 4754
24834 1207 24875 2531
24875 1149 24922 2322
24922 1360 24977 9400
24977 5537 25003 9211
25003 1712 25005 6629
25005 610 25028 3666
25028 949 25066 8176
25066 2331 25090 7832
25090 1088 25103 6107
25103 1759 25156 9588
25156 5503 25177 7448
25177 45 25208 5890
25208 182 25209 2573
25209 1303 25212 4134
25212 2565 25266 7580
25266 4074 25306 5486
25306 3834 25325 4074
25325 2745 25371 3969
25371 2556 25377 4969
25377 1369 25400 6809
25400 1181 25448 8408
25448 4247 25483 5464
25483 4373 25522 6795
25522 3107 25564 8025
25564 6817 25595 7345
25595 916 25647 8836
25647 994 25692 4854
25692 110 25741 6464
25741 2654 25765 2933
25765 2053 25808 2843
25808 249 25819 6302
25819 1087 25873 4362
25873 4206 25912 4349
25912 2158 25930 6383
25930 651 25950 4889
25950 806 25958 9494
25958 8552 26006 9302
26006 5368 26058 9657
26058 3409 26095 6701
26095 3717 26139 6686
26139 2898 26190 5085
26190 360 26198 9767
26198 8072 26251 8750
26251 4744 26264 9236
26264 3411 26295 8685
26295 5882 26319 9252
26319 2732 26342 8397
26342 6657 26352 7416
26352 121 26395 7478
26395 5270 26407 6706
26407 3018 26418 5834
26418 744 26442 5889
26442 1669 26451 2687
26451 249 26454 5479
26454 3907 26490 4579
26490 2856 26550 9503
26550 4904 26575 6577
26575 2936 26592 7371
26592 2511 26597 4841
26597 1044 26605 3822
26605 2783 26665 3186
26665 1184 26675 3381
26675 2532 26732 4819
26732 2737 26785 9756
26785 4123 26803 4879
26803 1344 26817 4330
26817 478 26868 5768
26868 4374 26921 9841
26921 6297 26978 8173
26978 4979 26988 8004
26988 3558 27043 5165
27043 2672 27061 9092
27061 7412 27072 7793
27072 2873 27126 8123
27126 766 27180 2882
27180 1352 27184 2689
27184 2425 27234 8394
27234 4941 27265 5273
27265 655 27306 7068
27306 3764 27353 4204
27353 3193 27371 7772
27371 7389 27390 9238
27390 6894 27418 8330
27418 7503 27425 7683
27425 3217 27460 9925
27460 4654 27475 6471
27475 5790 27511 9653
27511 7672 27570 8429
27570 7211 27591 8492
27591 6087 27616 9480
27616 6352 27661 7241
27661 2297 27665 9378
27665 7985 27685 9192
27685 6283 27700 9701
27700 695 27740 6460
27740 795 27778 9822
27778 2962 27790 3115
27790 2432 27833 3812
27833 1579 27835 2635
27835 1216 27848 3187
27848 3053 27856 3239
27856 397 27907 8636
27907 1293 27933 6045
27933 2082 27975 5623
27975 3578 28020 9365
28020 3425 28075 4251
28075 2663 28076 9780
28076 2818 28115 5384
28115 4069 28129 8535
28129 682 28133 6587
28133 2291 28159 8743
28159 3920 28174 4314
28174 2819 28191 9696
28191 6209 28231 7985
28231 2041 28234 6343
28234 2419 28259 6570
28259 1210 28304 4969
28304 3062 28352 3305
28352 1970 28353 6126
28353 4252 28378 6531
28378 2073 28425 6258
28425 5237 28454 7293
28454 4100 28474 8088
28474 3990 28494 8273
28494 4770 28544 5341
28544 1230 28586 5950
28586 42 28645 7597
28645 6392 28701 6831
28701 2560 28719 9219
28719 7987 28776 8821
28776 8735 28813 8874
28813 7039 28840 8785
28840 2599 28842 8284
28842 6588 28859 7294
28859 3832 28883 9453
28883 8163 28910 9586
28910 1296 28959 9105
28959 887 28994 6076
28994 1266 29011 9756
29011 5524 29017 6981
29017 346 29063 6480
29063 3520 29123 5394
29123 2265 29176 9351
29176 7499 29187 8563
29187 3056 29239 8453
29239 3949 29296 6969
29296 6379 29330 9811
29330 2386 29344 8666
29344 4369 29346 7594
29346 896 29354 5783
29354 1522 29407 4240
29407 1765 29422 9903
29422 3431 29468 8228
29468 2702 29495 9404
29495 3648 29554 6262
29554 253 29599 6124
29599 2000 29655 2458
29655 1604 29679 5889
29679 2844 29693 5133
29693 576 29750 9776
29750 895 29798 4986
29798 347 29802 1543
29802 972 29856 8508
29856 4990 29892 8738
29892 4001 29939 6400
29939 148 29993 9820
29993 866 30053 8782
30053 2363 30058 7273
30058 1901 30096 8963
30096 3610 30142 3855
30142 2194 30192 8825
30192 3615 30207 4135
30207 3025 30219 7444
30219 5346 30276 8563
30276 402 30279 8208
30279 613 30318 5961
30318 3620 30377 4267
30377 1395 30429 9604
30429 749 30469 1958
30469 1125 30490 1819
30490 1314 30491 1567
30491 803 30528 3315
30528 1710 30588 2288
30588 2260 30608 5603
30608 1884 30640 7352
30640 1255 30673 9173
30673 5246 30721 7583
30721 2083 30727 7265
30727 2111 30729 3864
30729 3077 30784 3521
30784 2268 30838 4806
30838 2581 30867 9961
30867 4767 30880 5482
30880 2569 30896 5178
30896 4012 30907 9966
30907 4262 30962 9561
30962 6912 30965 7527
30965 1006 30993 7046
30993 621 31016 6665
31016 1106 31045 4708
31045 4305 31059 6501
31059 3537 31067 5671
31067 197 31076 4139
31076 440 31099 4111
31099 2149 31117 2955
31117 2741 31161 4449
31161 2975 31195 5772
31195 2918 31197 5012
31197 2560 31207 5661
31207 1763 31214 7166
31214 4428 31252 9037
31252 3435 31298 9726
31298 4805 31333 6838
31333 5268 31339 8241
31339 16 31355 6953
31355 5781 31389 9311
31389 2688 31448 5940
31448 1575 31465 7770
31465 1044 31519 4532
31519 2455 31527 3733
31527 2530 31585 2949
31585 502 31601 3148
31601 1570 31635 6043
31635 4510 31692 7464
31692 4519 31715 7307
31715 3475 31772 9691
31772 5261 31784 8787
31784 6212 31821 6353
31821 120 31839 7962
31839 3589 31865 3830
31865 2896 31897 7745
31897 7741 31904 9595
31904 9002 31923 9710
31923 4198 31964 9755
31964 890 31972 6158
31972 2784 31997 3734
31997 3329 32022 3464
32022 241 32040 3627
32040 1294 32073 3144
32073 2702 32110 5349
32110 1600 32114 7252
32114 3248 32162 8959
32162 694 32209 4106
32209 1476 32248 7359
32248 1872 32288 7104
32288 3166 32298 6194
32298 5765 32353 9137
32353 6568 32358 8239
32358 1793 32406 8078
32406 4403 32407 5987
32407 2570 32461 6121
32461 319 32520 8474
32520 2802 32579 6707
32579 1510 32607 5085
32607 3220 32637 4649
32637 770 32650 7202
32650 3198 32690 3875
32690 367 32725 6837
32725 2148 32732 3523
32732 1922 32734 8182
32734 2733 32781 5838
32781 4431 32820 4705
32820 854 32863 8910
32863 1628 32881 3580
32881 573 32911 8371
32911 1082 32924 1197
32924 181 32973 1949
32973 1214 33023 6622
33023 977 33072 2423
33072 1486 33113 9671
33113 7396 33130 8128
33130 3325 33137 9638
33137 5188 33187 5364
33187 2419 33225 6869
33225 3574 33272 4150
33272 1211 33317 3710
33317 2713 33377 6115
33377 1097 33412 5795
33412 1294 33445 7479
33445 2767 33447 6870
33447 4142 33470 9650
33470 4738 33530 7073
33530 2586 33557 9083
33557 2883 33583 4050
33583 3246 33603 5936
33603 1477 33624 6960
33624 3654 33631 5976
33631 4550 33683 7365
33683 162 33688 9634
33688 6224 33722 8044
33722 2417 33744 7745
33744 4051 33769 7558
33769 5818 33812 6565
33812 5546 33857 8974
33857 5286 33909 7058
33909 2967 33928 8731
33928 7380 33950 8544
33950 650 33994 7647
33994 3102 34042 6219
34042 1516 34087 3384
34087 2696 34137 5762
34137 3226 34180 6769
34180 3257 34181 5098
34181 395 34226 9503
34226 2356 34270 3065
34270 405 34302 8690
34302 8499 34349 9254
34349 2454 34392 9406
34392 5796 34407 5937
34407 5524 34411 6027
34411 2991 34419 6468
34419 1412 34448 9307
34448 3618 34464 8940
34464 2849 34514 3858
34514 892 34555 5896
34555 44 34597 4476
34597 993 34643 1704
34643 396 34648 8091
34648 473 34652 4460
34652 507 34703 3293
34703 319 34705 9641
34705 2004 34720 3651
34720 3405 34752 4467
34752 3480 34770 5533
34770 3822 34784 5833
34784 1107 34827 7763
34827 4891 34831 6442
34831 3837 34873 9626
34873 3147 34874 9911
34874 2313 34885 4477
34885 4049 34937 8188
34937 7140 34965 9254
34965 1632 34968 8212
34968 4911 35011 9182
35011 6822 35068 7116
35068 4688 35087 7021
35087 4164 35125 9343
35125 787 35173 6433
35173 956 35231 8551
35231 7113 35246 7943
35246 1850 35282 9534
35282 629 35319 6321
35319 819 35369 2554
35369 2221 35406 5496
35406 3506 35440 4097
35440 1453 35450 8548
35450 1649 35454 8425
35454 1831 35492 7124
35492 1683 35525 8810
35525 97 35572 3693
35572 1017 35597 7277
35597 5160 35646 7095
35646 4176 35705 7667
35705 662 35729 7452
35729 3148 35771 6263
35771 3381 35789 4810
35789 4696 35833 9419
35833 4695 35858 8548
35858 2623 35888 4896
35888 757 35941 6995
35941 3156 35970 3991
35970 2795 36018 4304
36018 1870 36019 3939
36019 2987 36042 4791
36042 851 36060 5578
36060 2277 36112 9282
36112 2186 36121 6248
36121 1748 36141 9892
36141 8165 36157 8288
41 1667
36141 8288
3.00
