100
37 100 1
94 57 1
34 88 1
56 70 1
69 81 1
24 19 1
30 79 1
64 20 1
57 42 1
62 14 1
14 87 1
93 89 1
9 89 1
31 56 1
32 28 1
55 43 1
76 8 1
53 43 1
83 72 1
66 97 1
16 31 1
82 96 1
21 66 1
49 67 1
65 51 1
47 21 1
38 80 1
8 62 1
91 92 1
15 57 1
61 95 1
7 84 1
100 39 1
48 34 1
51 86 1
72 29 1
78 3 1
41 2 1
27 70 1
85 30 1
5 13 1
25 40 1
84 91 1
59 41 1
77 76 1
98 68 1
88 65 1
90 78 1
67 17 1
12 13 1
81 12 1
46 6 1
58 31 1
50 54 1
97 22 1
36 35 1
63 73 1
54 19 1
13 90 1
96 59 1
92 25 1
43 64 1
89 6 1
22 43 1
86 83 1
33 81 1
26 92 1
10 7 1
20 38 1
74 48 1
4 47 1
28 74 1
45 69 1
80 11 1
87 4 1
99 38 1
60 27 1
23 61 1
71 1 1
52 23 1
29 37 1
17 76 1
11 94 1
3 71 1
75 50 1
1 93 1
6 85 1
18 45 1
42 75 1
40 18 1
73 36 1
39 16 1
95 63 1
35 96 1
68 67 1
44 95 1
79 68 1
19 32 1
70 23 1
