40 40
XOXOXOXXOXOXOXOXOXOXOXOXOXXXOOXOXOOXOOXO
OXOXOOOOXOXOXOXOXXXOOXXXOOXOXOXOOXXOXOOX
OXXOOXXXOOOXOXOOOXOXXOXOXXOOOOXXXXXXOXXO
OXOOOOXOXXXXOXOOXXOOOOXOXOXOOXOOOXXOXOXO
XXXOOXOOXOOXOXOXOOOXOXXOXXXXOXXXOXOOXXXX
XXOOXXOXXOXOXOXOXXOXOXOXOXXOOXOOXOXOXOOO
XOOXXOXOXXOXOXOOOOOOXOXOXOOXOOXXOXOXXXOX
XOXXOXOXOXXOXXXXOOXXXOOXOXXOXOOXXXXOXXXO
OOXOXOXOOXOXOXOXOOXOXOXOOXOXOXOXXOXOOOOX
XOXXOXXOXXXOXXOOXXXXOOOOOXXOOXXXXXOXXOXO
OXOOXOXXOOOOOXOXOXOXOOXOXOXXOOOXXOXOOOXX
XXXOXXOXXOXXXOXOXOXXXXOOXXOXXXOXOOOOOXOO
OXOXOOOOOXXXOOOXOXOXOXXOOOOXOXXOXOXXXOXX
OOXOXOXOXOXOXXXOOXOOXOXXXOXOXOOXOXXXOXXO
OXOXOXXXXXOOOXOXOOOXOXOXOOXOXOXOXXOOOOOX
XXOOOXXOXOXOXOOOXXXOOXXOXOXOXOXXOXOXOOXX
OXOXOXOXOOOXXXOXOXXXXOXXOXOXOXOOXOXOXXXO
XXXOXXXXOXXOXOXXXOOOXOXOOXXXXOXOOOOXOOOX
OOXOXOOXOOOXXOOXOXXXOXOOXXOXOOOXOOXXOXOO
XXOOOOXOXXXOXOXOXXOXXXXXXOXOXXOOXOXOXXXO
OOXOXXOXOOOXOXOXOOOOOXOXOXXOOXXOOXXOOXXX
XXXXOOXOXOXOXOXOXXOOOOXOXXXOXOXOXOXXXOXO
OXOOXXOXOXOXOXOXOOXXOXXXOXOXOOXOOOOXOXOX
OXXXXOXOXXXOXOOXXOOOXOXOXOOOOXOXOXXOXOXX
XXOXOXOXOXOXOXXXXXOXOXOXOXOXOXOXO.OXOOXO
OOXOXOXOXOXOXOXOXOXOXOXXOOXOXOXXOXXXXXOX
OXOXOXXXOXOXOXOXOXOXOXXOXOOXOOXOXXOOXOOO
XXOOXOOOOOXOXOXOOXOXOOXXXXXOXOXXOOXXOOOX
OOXXOXOXXOOXOXXXOOXOXOOOXOOXOXOOXXOXOOXO
XXOXXOXXXOOOOXXOXXOXOOXOXOXOXOXOXOOOOXOX
OXXXXXOXOXOXOXOXXXOXOXOXOXXXOXOXOXOXXOOO
XOXXOXXOOOXXOOXOOOXOXOXOXOXOXOXOXOXOXXOO
OOXOXOXOXOOXXXOXOXXXOOOOXOOOXXOXOXXXOOXO
XOXOOXOOXOXOOOXOXOOOXOXOXOXOXOXOXOXOXXOX
XXXXXOXOOOXXXXOOXXXXOXXXOXOXOXOXOXOOOOOO
XOXOOXXOXXXOXOXOXOOXXOXOOXXOXOXOXXOXOXOX
OOOXOXOXXXOXOXOXOXOXOXOXOOOXOXXOXXXOOOXX
XOXOXXOOXOXOOOXOXXXXXOXXXOXOXOOOXXOOXXOX
XXOXOXXXOOXXOXOXOXOXOXOXOXOXOOOOOOXXOOXO
OXXOXOXOXOXOXOXOXOXOXOXOXOXOXXOXOXOXOXOX
438
25 33
25 32
25 31
26 31
26 30
25 30
25 29
26 29
26 28
25 28
24 28
23 28
23 29
22 29
22 28
22 27
23 27
23 26
24 26
24 25
23 25
22 25
21 25
20 25
20 26
20 27
20 28
20 29
21 29
21 30
22 30
22 31
22 32
22 33
21 33
21 34
22 34
22 35
23 35
24 35
25 35
26 35
27 35
28 35
28 34
29 34
29 35
29 36
30 36
31 36
31 35
32 35
32 36
33 36
33 37
34 37
34 36
34 35
35 35
35 34
34 34
33 34
32 34
31 34
30 34
30 33
30 32
30 31
29 31
28 31
28 30
28 29
27 29
27 28
27 27
26 27
25 27
25 26
25 25
25 24
25 23
24 23
24 24
23 24
22 24
21 24
21 23
20 23
19 23
18 23
18 24
17 24
17 25
17 26
16 26
16 27
16 28
16 29
16 30
17 30
17 29
17 28
17 27
18 27
19 27
19 28
19 29
18 29
18 30
18 31
18 32
19 32
20 32
20 33
20 34
20 35
20 36
19 36
19 37
20 37
21 37
22 37
23 37
23 36
24 36
25 36
25 37
24 37
24 38
24 39
23 39
23 38
22 38
22 39
22 40
21 40
20 40
20 39
19 39
19 38
18 38
17 38
16 38
16 39
15 39
15 40
14 40
13 40
12 40
11 40
10 40
9 40
9 39
10 39
10 38
10 37
9 37
8 37
8 36
8 35
7 35
7 36
6 36
6 37
6 38
7 38
7 39
8 39
8 40
7 40
6 40
5 40
4 40
4 39
4 38
4 37
3 37
3 38
2 38
2 37
1 37
1 36
1 35
2 35
2 36
3 36
4 36
4 35
5 35
5 34
5 33
6 33
6 32
5 32
4 32
3 32
2 32
2 31
2 30
2 29
1 29
1 28
2 28
2 27
3 27
3 26
2 26
1 26
1 25
1 24
1 23
1 22
1 21
1 20
2 20
2 19
1 19
1 18
1 17
1 16
1 15
1 14
1 13
1 12
1 11
2 11
2 10
1 10
1 9
1 8
2 8
2 9
3 9
3 8
4 8
4 7
4 6
5 6
5 5
6 5
6 4
7 4
7 3
8 3
8 2
8 1
9 1
10 1
10 2
10 3
11 3
11 2
11 1
12 1
13 1
13 2
13 3
12 3
12 4
13 4
14 4
14 5
15 5
15 6
14 6
14 7
14 8
14 9
13 9
12 9
11 9
11 8
10 8
10 9
9 9
9 10
9 11
10 11
11 11
12 11
12 10
13 10
14 10
15 10
15 11
14 11
14 12
13 12
13 13
14 13
15 13
15 14
16 14
16 13
16 12
17 12
17 11
16 11
16 10
16 9
17 9
17 8
16 8
16 7
17 7
17 6
17 5
17 4
16 4
15 4
15 3
14 3
14 2
15 2
15 1
16 1
17 1
18 1
19 1
20 1
21 1
22 1
23 1
23 2
23 3
24 3
25 3
25 4
26 4
26 5
25 5
24 5
24 6
23 6
22 6
21 6
20 6
20 7
19 7
19 8
19 9
20 9
21 9
22 9
22 10
22 11
21 11
21 12
22 12
22 13
23 13
23 12
24 12
25 12
26 12
26 13
27 13
27 14
27 15
28 15
28 14
28 13
28 12
27 12
27 11
26 11
25 11
24 11
23 11
23 10
23 9
23 8
22 8
21 8
21 7
22 7
23 7
24 7
24 8
25 8
25 9
25 10
26 10
26 9
26 8
26 7
25 7
25 6
26 6
27 6
27 5
27 4
27 3
26 3
26 2
27 2
27 1
28 1
29 1
30 1
31 1
31 2
32 2
32 1
33 1
34 1
34 2
34 3
34 4
35 4
36 4
37 4
37 5
38 5
38 4
38 3
37 3
36 3
36 2
36 1
37 1
38 1
38 2
39 2
39 3
40 3
40 4
39 4
39 5
40 5
40 6
40 7
40 8
40 9
40 10
40 11
40 12
40 13
39 13
39 12
38 12
37 12
37 13
37 14
38 14
39 14
40 14
40 15
39 15
39 16
40 16
40 17
40 18
40 19
40 20
40 21
40 22
40 23
40 24
40 25
40 26
39 26
39 25
39 24
39 23
38 23
37 23
36 23
36 24
37 24
37 25
38 25
38 26
38 27
39 27
39 28
40 28
40 29
39 29
38 29
38 28
37 28
37 27
36 27
36 28
36 29
37 29
37 30
36 30
36 31
36 32
36 33
35 33
34 33
33 33
32 33
31 33
31 32
31 31
31 30
30 30
29 30
29 29
29 28
28 28
28 27
29 27
30 27
30 26
31 26
32 26
32 25
31 25
30 25
30 24
30 23
29 23
28 23
28 22
27 22
27 21
26 21
26 22
25 22
25 21
25 20
24 20
23 20
23 21
24 21
24 22
23 22
22 22
21 22
21 21
20 21
19 21
19 22
18 22
18 21
18 20
17 20
16 20
16 19
15 19
15 20
14 20
13 20
13 19
12 19
12 18
12 17
13 17
13 16
12 16
11 16
10 16
9 16
9 17
10 17
11 17
11 18
11 19
11 20
11 21
12 21
13 21
13 22
14 22
14 21
15 21
15 22
15 23
15 24
16 24
16 25
15 25
14 25
14 26
14 27
14 28
14 29
14 30
13 30
13 29
12 29
11 29
11 28
10 28
10 27
9 27
8 27
8 28
9 28
9 29
9 30
8 30
8 29
7 29
7 28
7 27
6 27
6 28
5 28
4 28
4 27
4 26
4 25
4 24
4 23
4 22
5 22
5 21
5 20
4 20
3 20
3 19
3 18
3 17
2 17
2 16
2 15
2 14
2 13
2 12
3 12
3 11
4 11
5 11
5 12
6 12
6 11
6 10
7 10
7 11
8 11
8 12
8 13
7 13
6 13
5 13
5 14
5 15
5 16
4 16
4 17
5 17
6 17
6 16
6 15
6 14
7 14
7 15
8 15
9 15
9 14
9 13
9 12
10 12
10 13
11 13
12 13
12 14
12 15
13 15
14 15
14 16
15 16
15 17
16 17
16 16
17 16
17 17
17 18
18 18
18 17
19 17
19 16
19 15
18 15
17 15
17 14
18 14
18 13
18 12
18 11
19 11
20 11
20 12
20 13
21 13
21 14
20 14
20 15
21 15
21 16
20 16
20 17
21 17
22 17
23 17
23 16
22 16
22 15
22 14
23 14
24 14
24 13
25 13
25 14
26 14
26 15
26 16
26 17
26 18
25 18
25 19
26 19
26 20
27 20
27 19
27 18
27 17
27 16
28 16
29 16
29 17
30 17
30 16
30 15
31 15
31 16
32 16
33 16
33 15
32 15
32 14
31 14
31 13
31 12
30 12
29 12
29 11
28 11
28 10
27 10
27 9
27 8
28 8
29 8
29 7
29 6
28 6
28 5
28 4
29 4
29 5
30 5
30 6
30 7
31 7
32 7
32 8
31 8
31 9
30 9
30 10
31 10
32 10
32 11
33 11
33 12
34 12
34 11
34 10
34 9
35 9
36 9
36 8
37 8
38 8
39 8
39 9
38 9
38 10
38 11
37 11
36 11
36 12
36 13
36 14
36 15
35 15
35 14
34 14
34 15
34 16
34 17
33 17
33 18
34 18
35 18
36 18
37 18
37 17
36 17
36 16
37 16
37 15
38 15
38 16
38 17
39 17
39 18
39 19
38 19
37 19
37 20
37 21
38 21
39 21
39 22
38 22
37 22
36 22
36 21
35 21
35 22
34 22
34 21
33 21
33 20
32 20
32 19
32 18
31 18
31 19
31 20
31 21
32 21
32 22
31 22
31 23
32 23
33 23
34 23
34 24
35 24
35 25
35 26
35 27
34 27
33 27
32 27
32 28
31 28
30 28
30 29
31 29
32 29
32 30
33 30
34 30
34 29
34 28
35 28
35 29
35 30
35 31
35 32
34 32
33 32
32 32
32 31
33 31
34 31
